0         0
28         28
44         16
57         13
69         12
80         11
90         10
100         10
109         9
118         9
126         8
135         9
143         8
150         7
158         8
165         7
172         7
179         7
186         7
193         7
199         6
206         7
212         6
219         7
225         6
231         6
237         6
243         6
249         6
255         6
260         5
266         6
272         6
277         5
283         6
288         5
294         6
299         5
304         5
310         6
315         5
320         5
325         5
330         5
335         5
340         5
345         5
350         5
355         5
360         5
364         4
369         5
374         5
379         5
383         4
388         5
393         5
397         4
402         5
406         4
411         5
415         4
420         5
424         4
429         5
433         4
438         5
442         4
446         4
451         5
455         4
459         4
463         4
468         5
472         4
476         4
480         4
484         4
488         4
492         4
497         5
501         4
505         4
509         4
513         4
517         4
521         4
525         4
529         4
533         4
537         4
540         3
544         4
548         4
552         4
556         4
560         4
564         4
567         3
571         4
575         4
579         4
583         4
586         3
590         4
594         4
598         4
601         3
605         4
609         4
612         3
616         4
620         4
623         3
627         4
630         3
634         4
638         4
641         3
645         4
648         3
652         4
655         3
659         4
663         4
666         3
670         4
673         3
677         4
680         3
683         3
687         4
690         3
694         4
697         3
701         4
704         3
707         3
711         4
714         3
718         4
721         3
724         3
728         4
731         3
734         3
738         4
741         3
744         3
748         4
751         3
754         3
757         3
761         4
764         3
767         3
771         4
774         3
777         3
780         3
783         3
787         4
790         3
793         3
796         3
799         3
803         4
806         3
809         3
812         3
815         3
819         4
822         3
825         3
828         3
831         3
834         3
837         3
840         3
844         4
847         3
850         3
853         3
856         3
859         3
862         3
865         3
868         3
871         3
874         3
877         3
880         3
883         3
886         3
889         3
892         3
895         3
898         3
901         3
904         3
907         3
910         3
913         3
916         3
919         3
922         3
925         3
928         3
931         3
934         3
937         3
940         3
943         3
946         3
949         3
952         3
954         2
957         3
960         3
963         3
966         3
969         3
972         3
975         3
978         3
980         2
983         3
986         3
989         3
992         3
995         3
998         3
1000         2
1003         3
1006         3
1009         3
1012         3
1015         3
1017         2
1023         6
1023         0
1023         0
1023         0
1023         0
1023         0
1023         0
1023         0
1023         0
1023         0
1023         0
1023         0
1023         0
1023         0
1023         0
1023         0
1023         0
1023         0
1023         0
1023         0
1023         0
1023         0
1023         0
1023         0
1023         0
1023         0
1023         0
1023         0
1023         0
1023         0
1023         0
1023         0
1023         0
1023         0
1023         0
1023         0
1023         0
1023         0
1023         0
1023         0
1023         0
1023         0
1023         0
1023         0
1023         0
1023         0
1023         0
1023         0
1023         0
1023         0
1023         0
1023         0
1023         0
1023         0
1023         0
1023         0
1023         0
1023         0
1023         0
1023         0
1023         0
1023         0
1023         0
1023         0
1023         0
1023         0
1023         0
1023         0
1023         0
1023         0
1023         0
1023         0
1023         0
1023         0
1023         0
1023         0
1023         0
1023         0
1023         0
1023         0
1023         0
1023         0
1023         0
1023         0
1023         0
1023         0
1023         0
1023         0
1023         0
1023         0
1023         0
1023         0
1023         0
1023         0
1023         0
1023         0
1023         0
1023         0
1023         0
1023         0
1023         0
1023         0
1023         0
1023         0
1023         0
1023         0
1023         0
1023         0
1023         0
1023         0
1023         0
1023         0
1023         0
1023         0
1023         0
1023         0
1023         0
1023         0
1023         0
1023         0
1023         0
1023         0
1023         0
1023         0
1023         0
1023         0
1023         0
1023         0
1023         0
1023         0
1023         0
1023         0
1023         0
1023         0
1023         0
1023         0
1023         0
1023         0
1023         0
1023         0
1023         0
1023         0
1023         0
1023         0
1023         0
1023         0
1023         0
1023         0
1023         0
1023         0
1023         0
1023         0
1023         0
1023         0
1023         0
1023         0
1023         0
1023         0
1023         0
1023         0
1023         0
1023         0
1023         0
1023         0
1023         0
1023         0
1023         0
1023         0
1023         0
1023         0
1023         0
1023         0
1023         0
1023         0
1023         0
1023         0
1023         0
1023         0
1023         0
1023         0
1023         0
1023         0
1023         0
1023         0
1023         0
1023         0
1023         0
1023         0
1023         0
1023         0
1023         0
1023         0
1023         0
1023         0
1023         0
1023         0
1023         0
1023         0
1023         0
1023         0
1023         0
1023         0
1023         0
1023         0
1023         0
1023         0
1023         0
1023         0
1023         0
1023         0
1023         0
1023         0
1023         0
1023         0
1023         0
1023         0
1023         0
1023         0
1023         0
1023         0
1023         0
1023         0
1023         0
1023         0
1023         0
1023         0
1023         0
1023         0
1023         0
1023         0
1023         0
1023         0
1023         0
1023         0
1023         0
1023         0
1023         0
1023         0
1023         0
1023         0
1023         0
1023         0
1023         0
1023         0
1023         0
1023         0
1023         0
1023         0
1023         0
1023         0
1023         0
1023         0
1023         0
1023         0
1023         0
1023         0
1023         0
1023         0
1023         0
1023         0
1023         0
1023         0
1023         0
1023         0
1023         0
1023         0
1023         0
1023         0
1023         0
1023         0
1023         0
1023         0
1023         0
