0         0
11         11
19         8
27         8
34         7
41         7
47         6
54         7
60         6
66         6
72         6
78         6
84         6
90         6
96         6
101         5
107         6
113         6
118         5
124         6
129         5
134         5
140         6
145         5
150         5
155         5
161         6
166         5
171         5
176         5
181         5
186         5
191         5
196         5
201         5
206         5
211         5
215         4
220         5
225         5
230         5
235         5
239         4
244         5
249         5
254         5
258         4
263         5
268         5
272         4
277         5
281         4
286         5
291         5
295         4
300         5
304         4
309         5
313         4
318         5
322         4
327         5
331         4
336         5
340         4
344         4
349         5
353         4
358         5
362         4
366         4
371         5
375         4
379         4
384         5
388         4
392         4
397         5
401         4
405         4
410         5
414         4
418         4
422         4
427         5
431         4
435         4
439         4
443         4
448         5
452         4
456         4
460         4
464         4
468         4
473         5
477         4
481         4
485         4
489         4
493         4
497         4
501         4
506         5
510         4
514         4
518         4
522         4
526         4
530         4
534         4
538         4
542         4
546         4
550         4
554         4
558         4
562         4
566         4
570         4
574         4
578         4
582         4
586         4
590         4
594         4
598         4
602         4
606         4
610         4
614         4
618         4
622         4
626         4
629         3
633         4
637         4
641         4
645         4
649         4
653         4
657         4
661         4
664         3
668         4
672         4
676         4
680         4
684         4
688         4
691         3
695         4
699         4
703         4
707         4
711         4
714         3
718         4
722         4
726         4
730         4
733         3
737         4
741         4
745         4
749         4
752         3
756         4
760         4
764         4
767         3
771         4
775         4
779         4
783         4
786         3
790         4
794         4
797         3
801         4
805         4
809         4
812         3
816         4
820         4
824         4
827         3
831         4
835         4
838         3
842         4
846         4
849         3
853         4
857         4
860         3
864         4
868         4
871         3
875         4
879         4
882         3
886         4
890         4
893         3
897         4
901         4
904         3
908         4
912         4
915         3
919         4
923         4
926         3
930         4
933         3
937         4
941         4
944         3
948         4
951         3
955         4
959         4
962         3
966         4
969         3
973         4
977         4
980         3
984         4
987         3
991         4
995         4
998         3
1002         4
1005         3
1009         4
1012         3
1016         4
1023         7
1023         0
1023         0
1023         0
1023         0
1023         0
1023         0
1023         0
1023         0
1023         0
1023         0
1023         0
1023         0
1023         0
1023         0
1023         0
1023         0
1023         0
1023         0
1023         0
1023         0
1023         0
1023         0
1023         0
1023         0
1023         0
1023         0
1023         0
1023         0
1023         0
1023         0
1023         0
1023         0
1023         0
1023         0
1023         0
1023         0
1023         0
1023         0
1023         0
1023         0
1023         0
1023         0
1023         0
1023         0
1023         0
1023         0
1023         0
1023         0
1023         0
1023         0
1023         0
1023         0
1023         0
1023         0
1023         0
1023         0
1023         0
1023         0
1023         0
1023         0
1023         0
1023         0
1023         0
1023         0
1023         0
1023         0
1023         0
1023         0
1023         0
1023         0
1023         0
1023         0
1023         0
1023         0
1023         0
1023         0
1023         0
1023         0
1023         0
1023         0
1023         0
1023         0
1023         0
1023         0
1023         0
1023         0
1023         0
1023         0
1023         0
1023         0
1023         0
1023         0
1023         0
1023         0
1023         0
1023         0
1023         0
1023         0
1023         0
1023         0
1023         0
1023         0
1023         0
1023         0
1023         0
1023         0
1023         0
1023         0
1023         0
1023         0
1023         0
1023         0
1023         0
1023         0
1023         0
1023         0
1023         0
1023         0
1023         0
1023         0
1023         0
1023         0
1023         0
1023         0
1023         0
1023         0
1023         0
1023         0
1023         0
1023         0
1023         0
1023         0
1023         0
1023         0
1023         0
1023         0
1023         0
1023         0
1023         0
1023         0
1023         0
1023         0
1023         0
1023         0
1023         0
1023         0
1023         0
1023         0
1023         0
1023         0
1023         0
1023         0
1023         0
1023         0
1023         0
1023         0
1023         0
1023         0
1023         0
1023         0
1023         0
1023         0
1023         0
1023         0
1023         0
1023         0
1023         0
1023         0
1023         0
1023         0
1023         0
1023         0
1023         0
1023         0
1023         0
1023         0
1023         0
1023         0
1023         0
1023         0
1023         0
1023         0
1023         0
1023         0
1023         0
1023         0
1023         0
1023         0
1023         0
1023         0
1023         0
1023         0
1023         0
1023         0
1023         0
1023         0
1023         0
1023         0
1023         0
1023         0
1023         0
1023         0
1023         0
1023         0
1023         0
1023         0
1023         0
1023         0
1023         0
1023         0
1023         0
1023         0
1023         0
1023         0
1023         0
1023         0
1023         0
1023         0
1023         0
1023         0
1023         0
1023         0
1023         0
1023         0
1023         0
1023         0
1023         0
1023         0
1023         0
1023         0
1023         0
1023         0
1023         0
1023         0
1023         0
1023         0
1023         0
1023         0
1023         0
1023         0
1023         0
1023         0
1023         0
1023         0
1023         0
1023         0
1023         0
1023         0
1023         0
1023         0
1023         0
1023         0
1023         0
1023         0
1023         0
1023         0
1023         0
1023         0
1023         0
1023         0
1023         0
1023         0
1023         0
1023         0
1023         0
1023         0
1023         0
1023         0
1023         0
1023         0
1023         0
1023         0
