0         0
24         24
39         15
51         12
62         11
72         10
82         10
91         9
100         9
108         8
116         8
124         8
131         7
139         8
146         7
153         7
160         7
167         7
174         7
180         6
187         7
193         6
199         6
205         6
211         6
217         6
223         6
229         6
235         6
241         6
246         5
252         6
257         5
263         6
268         5
274         6
279         5
284         5
289         5
295         6
300         5
305         5
310         5
315         5
320         5
325         5
330         5
335         5
340         5
345         5
349         4
354         5
359         5
364         5
368         4
373         5
378         5
382         4
387         5
391         4
396         5
400         4
405         5
409         4
414         5
418         4
423         5
427         4
431         4
436         5
440         4
444         4
448         4
453         5
457         4
461         4
465         4
470         5
474         4
478         4
482         4
486         4
490         4
494         4
498         4
502         4
507         5
511         4
515         4
519         4
523         4
527         4
530         3
534         4
538         4
542         4
546         4
550         4
554         4
558         4
562         4
565         3
569         4
573         4
577         4
581         4
585         4
588         3
592         4
596         4
600         4
603         3
607         4
611         4
614         3
618         4
622         4
625         3
629         4
633         4
636         3
640         4
644         4
647         3
651         4
654         3
658         4
662         4
665         3
669         4
672         3
676         4
679         3
683         4
686         3
690         4
693         3
697         4
700         3
704         4
707         3
711         4
714         3
718         4
721         3
724         3
728         4
731         3
735         4
738         3
741         3
745         4
748         3
752         4
755         3
758         3
762         4
765         3
768         3
772         4
775         3
778         3
782         4
785         3
788         3
791         3
795         4
798         3
801         3
805         4
808         3
811         3
814         3
818         4
821         3
824         3
827         3
830         3
834         4
837         3
840         3
843         3
846         3
850         4
853         3
856         3
859         3
862         3
865         3
869         4
872         3
875         3
878         3
881         3
884         3
887         3
890         3
894         4
897         3
900         3
903         3
906         3
909         3
912         3
915         3
918         3
921         3
924         3
927         3
931         4
934         3
937         3
940         3
943         3
946         3
949         3
952         3
955         3
958         3
961         3
964         3
967         3
970         3
973         3
976         3
979         3
982         3
985         3
988         3
991         3
994         3
997         3
1000         3
1002         2
1005         3
1008         3
1011         3
1014         3
1017         3
1023         6
1023         0
1023         0
1023         0
1023         0
1023         0
1023         0
1023         0
1023         0
1023         0
1023         0
1023         0
1023         0
1023         0
1023         0
1023         0
1023         0
1023         0
1023         0
1023         0
1023         0
1023         0
1023         0
1023         0
1023         0
1023         0
1023         0
1023         0
1023         0
1023         0
1023         0
1023         0
1023         0
1023         0
1023         0
1023         0
1023         0
1023         0
1023         0
1023         0
1023         0
1023         0
1023         0
1023         0
1023         0
1023         0
1023         0
1023         0
1023         0
1023         0
1023         0
1023         0
1023         0
1023         0
1023         0
1023         0
1023         0
1023         0
1023         0
1023         0
1023         0
1023         0
1023         0
1023         0
1023         0
1023         0
1023         0
1023         0
1023         0
1023         0
1023         0
1023         0
1023         0
1023         0
1023         0
1023         0
1023         0
1023         0
1023         0
1023         0
1023         0
1023         0
1023         0
1023         0
1023         0
1023         0
1023         0
1023         0
1023         0
1023         0
1023         0
1023         0
1023         0
1023         0
1023         0
1023         0
1023         0
1023         0
1023         0
1023         0
1023         0
1023         0
1023         0
1023         0
1023         0
1023         0
1023         0
1023         0
1023         0
1023         0
1023         0
1023         0
1023         0
1023         0
1023         0
1023         0
1023         0
1023         0
1023         0
1023         0
1023         0
1023         0
1023         0
1023         0
1023         0
1023         0
1023         0
1023         0
1023         0
1023         0
1023         0
1023         0
1023         0
1023         0
1023         0
1023         0
1023         0
1023         0
1023         0
1023         0
1023         0
1023         0
1023         0
1023         0
1023         0
1023         0
1023         0
1023         0
1023         0
1023         0
1023         0
1023         0
1023         0
1023         0
1023         0
1023         0
1023         0
1023         0
1023         0
1023         0
1023         0
1023         0
1023         0
1023         0
1023         0
1023         0
1023         0
1023         0
1023         0
1023         0
1023         0
1023         0
1023         0
1023         0
1023         0
1023         0
1023         0
1023         0
1023         0
1023         0
1023         0
1023         0
1023         0
1023         0
1023         0
1023         0
1023         0
1023         0
1023         0
1023         0
1023         0
1023         0
1023         0
1023         0
1023         0
1023         0
1023         0
1023         0
1023         0
1023         0
1023         0
1023         0
1023         0
1023         0
1023         0
1023         0
1023         0
1023         0
1023         0
1023         0
1023         0
1023         0
1023         0
1023         0
1023         0
1023         0
1023         0
1023         0
1023         0
1023         0
1023         0
1023         0
1023         0
1023         0
1023         0
1023         0
1023         0
1023         0
1023         0
1023         0
1023         0
1023         0
1023         0
1023         0
1023         0
1023         0
1023         0
1023         0
1023         0
1023         0
1023         0
1023         0
1023         0
1023         0
1023         0
1023         0
1023         0
1023         0
1023         0
1023         0
1023         0
1023         0
1023         0
1023         0
1023         0
1023         0
1023         0
1023         0
1023         0
1023         0
1023         0
1023         0
1023         0
1023         0
1023         0
1023         0
1023         0
1023         0
1023         0
1023         0
1023         0
1023         0
1023         0
