0         0
20         20
33         13
45         12
55         10
64         9
73         9
82         9
90         8
98         8
106         8
113         7
120         7
127         7
134         7
141         7
148         7
154         6
161         7
167         6
173         6
180         7
186         6
192         6
198         6
203         5
209         6
215         6
221         6
226         5
232         6
237         5
243         6
248         5
253         5
259         6
264         5
269         5
274         5
279         5
284         5
290         6
295         5
300         5
305         5
309         4
314         5
319         5
324         5
329         5
334         5
338         4
343         5
348         5
352         4
357         5
362         5
366         4
371         5
376         5
380         4
385         5
389         4
394         5
398         4
402         4
407         5
411         4
416         5
420         4
424         4
429         5
433         4
437         4
441         4
446         5
450         4
454         4
458         4
463         5
467         4
471         4
475         4
479         4
483         4
487         4
491         4
496         5
500         4
504         4
508         4
512         4
516         4
520         4
524         4
528         4
532         4
536         4
540         4
543         3
547         4
551         4
555         4
559         4
563         4
567         4
571         4
574         3
578         4
582         4
586         4
590         4
594         4
597         3
601         4
605         4
609         4
612         3
616         4
620         4
624         4
627         3
631         4
635         4
638         3
642         4
646         4
649         3
653         4
657         4
660         3
664         4
667         3
671         4
675         4
678         3
682         4
685         3
689         4
693         4
696         3
700         4
703         3
707         4
710         3
714         4
717         3
721         4
724         3
728         4
731         3
735         4
738         3
742         4
745         3
749         4
752         3
755         3
759         4
762         3
766         4
769         3
773         4
776         3
779         3
783         4
786         3
790         4
793         3
796         3
800         4
803         3
806         3
810         4
813         3
816         3
820         4
823         3
826         3
830         4
833         3
836         3
840         4
843         3
846         3
849         3
853         4
856         3
859         3
863         4
866         3
869         3
872         3
876         4
879         3
882         3
885         3
888         3
892         4
895         3
898         3
901         3
904         3
908         4
911         3
914         3
917         3
920         3
924         4
927         3
930         3
933         3
936         3
939         3
943         4
946         3
949         3
952         3
955         3
958         3
961         3
964         3
968         4
971         3
974         3
977         3
980         3
983         3
986         3
989         3
992         3
995         3
999         4
1002         3
1005         3
1008         3
1011         3
1014         3
1017         3
1023         6
1023         0
1023         0
1023         0
1023         0
1023         0
1023         0
1023         0
1023         0
1023         0
1023         0
1023         0
1023         0
1023         0
1023         0
1023         0
1023         0
1023         0
1023         0
1023         0
1023         0
1023         0
1023         0
1023         0
1023         0
1023         0
1023         0
1023         0
1023         0
1023         0
1023         0
1023         0
1023         0
1023         0
1023         0
1023         0
1023         0
1023         0
1023         0
1023         0
1023         0
1023         0
1023         0
1023         0
1023         0
1023         0
1023         0
1023         0
1023         0
1023         0
1023         0
1023         0
1023         0
1023         0
1023         0
1023         0
1023         0
1023         0
1023         0
1023         0
1023         0
1023         0
1023         0
1023         0
1023         0
1023         0
1023         0
1023         0
1023         0
1023         0
1023         0
1023         0
1023         0
1023         0
1023         0
1023         0
1023         0
1023         0
1023         0
1023         0
1023         0
1023         0
1023         0
1023         0
1023         0
1023         0
1023         0
1023         0
1023         0
1023         0
1023         0
1023         0
1023         0
1023         0
1023         0
1023         0
1023         0
1023         0
1023         0
1023         0
1023         0
1023         0
1023         0
1023         0
1023         0
1023         0
1023         0
1023         0
1023         0
1023         0
1023         0
1023         0
1023         0
1023         0
1023         0
1023         0
1023         0
1023         0
1023         0
1023         0
1023         0
1023         0
1023         0
1023         0
1023         0
1023         0
1023         0
1023         0
1023         0
1023         0
1023         0
1023         0
1023         0
1023         0
1023         0
1023         0
1023         0
1023         0
1023         0
1023         0
1023         0
1023         0
1023         0
1023         0
1023         0
1023         0
1023         0
1023         0
1023         0
1023         0
1023         0
1023         0
1023         0
1023         0
1023         0
1023         0
1023         0
1023         0
1023         0
1023         0
1023         0
1023         0
1023         0
1023         0
1023         0
1023         0
1023         0
1023         0
1023         0
1023         0
1023         0
1023         0
1023         0
1023         0
1023         0
1023         0
1023         0
1023         0
1023         0
1023         0
1023         0
1023         0
1023         0
1023         0
1023         0
1023         0
1023         0
1023         0
1023         0
1023         0
1023         0
1023         0
1023         0
1023         0
1023         0
1023         0
1023         0
1023         0
1023         0
1023         0
1023         0
1023         0
1023         0
1023         0
1023         0
1023         0
1023         0
1023         0
1023         0
1023         0
1023         0
1023         0
1023         0
1023         0
1023         0
1023         0
1023         0
1023         0
1023         0
1023         0
1023         0
1023         0
1023         0
1023         0
1023         0
1023         0
1023         0
1023         0
1023         0
1023         0
1023         0
1023         0
1023         0
1023         0
1023         0
1023         0
1023         0
1023         0
1023         0
1023         0
1023         0
1023         0
1023         0
1023         0
1023         0
1023         0
1023         0
1023         0
1023         0
1023         0
1023         0
1023         0
1023         0
1023         0
1023         0
1023         0
1023         0
1023         0
1023         0
1023         0
1023         0
1023         0
1023         0
1023         0
1023         0
1023         0
1023         0
1023         0
1023         0
1023         0
1023         0
1023         0
1023         0
