0         0
15         15
26         11
35         9
44         9
52         8
60         8
67         7
75         8
82         7
89         7
96         7
102         6
109         7
115         6
121         6
127         6
133         6
139         6
145         6
151         6
157         6
163         6
168         5
174         6
180         6
185         5
191         6
196         5
201         5
207         6
212         5
217         5
222         5
228         6
233         5
238         5
243         5
248         5
253         5
258         5
263         5
268         5
273         5
277         4
282         5
287         5
292         5
297         5
301         4
306         5
311         5
315         4
320         5
325         5
329         4
334         5
339         5
343         4
348         5
352         4
357         5
361         4
366         5
370         4
375         5
379         4
383         4
388         5
392         4
397         5
401         4
405         4
410         5
414         4
418         4
422         4
427         5
431         4
435         4
439         4
444         5
448         4
452         4
456         4
460         4
465         5
469         4
473         4
477         4
481         4
485         4
489         4
493         4
497         4
501         4
506         5
510         4
514         4
518         4
522         4
526         4
530         4
534         4
538         4
542         4
546         4
550         4
553         3
557         4
561         4
565         4
569         4
573         4
577         4
581         4
585         4
589         4
593         4
596         3
600         4
604         4
608         4
612         4
616         4
619         3
623         4
627         4
631         4
635         4
638         3
642         4
646         4
650         4
653         3
657         4
661         4
665         4
668         3
672         4
676         4
679         3
683         4
687         4
691         4
694         3
698         4
702         4
705         3
709         4
713         4
716         3
720         4
724         4
727         3
731         4
734         3
738         4
742         4
745         3
749         4
752         3
756         4
760         4
763         3
767         4
770         3
774         4
778         4
781         3
785         4
788         3
792         4
795         3
799         4
802         3
806         4
809         3
813         4
816         3
820         4
823         3
827         4
830         3
834         4
837         3
841         4
844         3
848         4
851         3
855         4
858         3
862         4
865         3
869         4
872         3
875         3
879         4
882         3
886         4
889         3
893         4
896         3
899         3
903         4
906         3
910         4
913         3
916         3
920         4
923         3
927         4
930         3
933         3
937         4
940         3
943         3
947         4
950         3
953         3
957         4
960         3
963         3
967         4
970         3
973         3
977         4
980         3
983         3
987         4
990         3
993         3
997         4
1000         3
1003         3
1007         4
1010         3
1013         3
1016         3
1023         7
1023         0
1023         0
1023         0
1023         0
1023         0
1023         0
1023         0
1023         0
1023         0
1023         0
1023         0
1023         0
1023         0
1023         0
1023         0
1023         0
1023         0
1023         0
1023         0
1023         0
1023         0
1023         0
1023         0
1023         0
1023         0
1023         0
1023         0
1023         0
1023         0
1023         0
1023         0
1023         0
1023         0
1023         0
1023         0
1023         0
1023         0
1023         0
1023         0
1023         0
1023         0
1023         0
1023         0
1023         0
1023         0
1023         0
1023         0
1023         0
1023         0
1023         0
1023         0
1023         0
1023         0
1023         0
1023         0
1023         0
1023         0
1023         0
1023         0
1023         0
1023         0
1023         0
1023         0
1023         0
1023         0
1023         0
1023         0
1023         0
1023         0
1023         0
1023         0
1023         0
1023         0
1023         0
1023         0
1023         0
1023         0
1023         0
1023         0
1023         0
1023         0
1023         0
1023         0
1023         0
1023         0
1023         0
1023         0
1023         0
1023         0
1023         0
1023         0
1023         0
1023         0
1023         0
1023         0
1023         0
1023         0
1023         0
1023         0
1023         0
1023         0
1023         0
1023         0
1023         0
1023         0
1023         0
1023         0
1023         0
1023         0
1023         0
1023         0
1023         0
1023         0
1023         0
1023         0
1023         0
1023         0
1023         0
1023         0
1023         0
1023         0
1023         0
1023         0
1023         0
1023         0
1023         0
1023         0
1023         0
1023         0
1023         0
1023         0
1023         0
1023         0
1023         0
1023         0
1023         0
1023         0
1023         0
1023         0
1023         0
1023         0
1023         0
1023         0
1023         0
1023         0
1023         0
1023         0
1023         0
1023         0
1023         0
1023         0
1023         0
1023         0
1023         0
1023         0
1023         0
1023         0
1023         0
1023         0
1023         0
1023         0
1023         0
1023         0
1023         0
1023         0
1023         0
1023         0
1023         0
1023         0
1023         0
1023         0
1023         0
1023         0
1023         0
1023         0
1023         0
1023         0
1023         0
1023         0
1023         0
1023         0
1023         0
1023         0
1023         0
1023         0
1023         0
1023         0
1023         0
1023         0
1023         0
1023         0
1023         0
1023         0
1023         0
1023         0
1023         0
1023         0
1023         0
1023         0
1023         0
1023         0
1023         0
1023         0
1023         0
1023         0
1023         0
1023         0
1023         0
1023         0
1023         0
1023         0
1023         0
1023         0
1023         0
1023         0
1023         0
1023         0
1023         0
1023         0
1023         0
1023         0
1023         0
1023         0
1023         0
1023         0
1023         0
1023         0
1023         0
1023         0
1023         0
1023         0
1023         0
1023         0
1023         0
1023         0
1023         0
1023         0
1023         0
1023         0
1023         0
1023         0
1023         0
1023         0
1023         0
1023         0
1023         0
1023         0
1023         0
1023         0
1023         0
1023         0
1023         0
1023         0
1023         0
1023         0
1023         0
1023         0
1023         0
1023         0
1023         0
1023         0
1023         0
1023         0
1023         0
1023         0
1023         0
1023         0
1023         0
1023         0
1023         0
1023         0
1023         0
