0         0
32         32
49         17
64         15
77         13
88         11
99         11
109         10
119         10
128         9
137         9
145         8
154         9
162         8
169         7
177         8
184         7
192         8
199         7
205         6
212         7
219         7
225         6
232         7
238         6
244         6
251         7
257         6
263         6
269         6
274         5
280         6
286         6
291         5
297         6
302         5
308         6
313         5
319         6
324         5
329         5
334         5
339         5
345         6
350         5
355         5
360         5
365         5
369         4
374         5
379         5
384         5
389         5
393         4
398         5
403         5
407         4
412         5
416         4
421         5
425         4
430         5
434         4
439         5
443         4
448         5
452         4
456         4
460         4
465         5
469         4
473         4
477         4
482         5
486         4
490         4
494         4
498         4
502         4
506         4
510         4
514         4
518         4
522         4
526         4
530         4
534         4
538         4
542         4
546         4
550         4
554         4
558         4
561         3
565         4
569         4
573         4
577         4
580         3
584         4
588         4
592         4
595         3
599         4
603         4
606         3
610         4
614         4
617         3
621         4
624         3
628         4
632         4
635         3
639         4
642         3
646         4
649         3
653         4
656         3
660         4
663         3
667         4
670         3
674         4
677         3
680         3
684         4
687         3
691         4
694         3
697         3
701         4
704         3
707         3
711         4
714         3
717         3
721         4
724         3
727         3
731         4
734         3
737         3
740         3
744         4
747         3
750         3
753         3
757         4
760         3
763         3
766         3
769         3
773         4
776         3
779         3
782         3
785         3
788         3
791         3
795         4
798         3
801         3
804         3
807         3
810         3
813         3
816         3
819         3
822         3
825         3
829         4
832         3
835         3
838         3
841         3
844         3
847         3
850         3
853         3
856         3
859         3
862         3
865         3
868         3
871         3
874         3
877         3
879         2
882         3
885         3
888         3
891         3
894         3
897         3
900         3
903         3
906         3
909         3
912         3
914         2
917         3
920         3
923         3
926         3
929         3
932         3
934         2
937         3
940         3
943         3
946         3
949         3
951         2
954         3
957         3
960         3
963         3
965         2
968         3
971         3
974         3
977         3
979         2
982         3
985         3
988         3
990         2
993         3
996         3
999         3
1001         2
1004         3
1007         3
1009         2
1012         3
1015         3
1018         3
1023         5
1023         0
1023         0
1023         0
1023         0
1023         0
1023         0
1023         0
1023         0
1023         0
1023         0
1023         0
1023         0
1023         0
1023         0
1023         0
1023         0
1023         0
1023         0
1023         0
1023         0
1023         0
1023         0
1023         0
1023         0
1023         0
1023         0
1023         0
1023         0
1023         0
1023         0
1023         0
1023         0
1023         0
1023         0
1023         0
1023         0
1023         0
1023         0
1023         0
1023         0
1023         0
1023         0
1023         0
1023         0
1023         0
1023         0
1023         0
1023         0
1023         0
1023         0
1023         0
1023         0
1023         0
1023         0
1023         0
1023         0
1023         0
1023         0
1023         0
1023         0
1023         0
1023         0
1023         0
1023         0
1023         0
1023         0
1023         0
1023         0
1023         0
1023         0
1023         0
1023         0
1023         0
1023         0
1023         0
1023         0
1023         0
1023         0
1023         0
1023         0
1023         0
1023         0
1023         0
1023         0
1023         0
1023         0
1023         0
1023         0
1023         0
1023         0
1023         0
1023         0
1023         0
1023         0
1023         0
1023         0
1023         0
1023         0
1023         0
1023         0
1023         0
1023         0
1023         0
1023         0
1023         0
1023         0
1023         0
1023         0
1023         0
1023         0
1023         0
1023         0
1023         0
1023         0
1023         0
1023         0
1023         0
1023         0
1023         0
1023         0
1023         0
1023         0
1023         0
1023         0
1023         0
1023         0
1023         0
1023         0
1023         0
1023         0
1023         0
1023         0
1023         0
1023         0
1023         0
1023         0
1023         0
1023         0
1023         0
1023         0
1023         0
1023         0
1023         0
1023         0
1023         0
1023         0
1023         0
1023         0
1023         0
1023         0
1023         0
1023         0
1023         0
1023         0
1023         0
1023         0
1023         0
1023         0
1023         0
1023         0
1023         0
1023         0
1023         0
1023         0
1023         0
1023         0
1023         0
1023         0
1023         0
1023         0
1023         0
1023         0
1023         0
1023         0
1023         0
1023         0
1023         0
1023         0
1023         0
1023         0
1023         0
1023         0
1023         0
1023         0
1023         0
1023         0
1023         0
1023         0
1023         0
1023         0
1023         0
1023         0
1023         0
1023         0
1023         0
1023         0
1023         0
1023         0
1023         0
1023         0
1023         0
1023         0
1023         0
1023         0
1023         0
1023         0
1023         0
1023         0
1023         0
1023         0
1023         0
1023         0
1023         0
1023         0
1023         0
1023         0
1023         0
1023         0
1023         0
1023         0
1023         0
1023         0
1023         0
1023         0
1023         0
1023         0
1023         0
1023         0
1023         0
1023         0
1023         0
1023         0
1023         0
1023         0
1023         0
1023         0
1023         0
1023         0
1023         0
1023         0
1023         0
1023         0
1023         0
1023         0
1023         0
1023         0
1023         0
1023         0
1023         0
1023         0
1023         0
1023         0
1023         0
1023         0
1023         0
1023         0
1023         0
1023         0
1023         0
1023         0
1023         0
1023         0
1023         0
1023         0
1023         0
1023         0
1023         0
1023         0
1023         0
1023         0
1023         0
1023         0
