0         0
7         7
13         6
19         6
25         6
30         5
36         6
41         5
46         5
52         6
57         5
62         5
67         5
72         5
77         5
82         5
87         5
92         5
97         5
102         5
107         5
112         5
117         5
121         4
126         5
131         5
136         5
140         4
145         5
150         5
154         4
159         5
164         5
168         4
173         5
178         5
182         4
187         5
192         5
196         4
201         5
205         4
210         5
214         4
219         5
223         4
228         5
232         4
237         5
241         4
246         5
250         4
255         5
259         4
264         5
268         4
272         4
277         5
281         4
286         5
290         4
294         4
299         5
303         4
308         5
312         4
316         4
321         5
325         4
329         4
334         5
338         4
342         4
347         5
351         4
355         4
360         5
364         4
368         4
373         5
377         4
381         4
385         4
390         5
394         4
398         4
402         4
407         5
411         4
415         4
419         4
424         5
428         4
432         4
436         4
441         5
445         4
449         4
453         4
457         4
462         5
466         4
470         4
474         4
478         4
482         4
487         5
491         4
495         4
499         4
503         4
507         4
512         5
516         4
520         4
524         4
528         4
532         4
537         5
541         4
545         4
549         4
553         4
557         4
561         4
565         4
569         4
574         5
578         4
582         4
586         4
590         4
594         4
598         4
602         4
606         4
610         4
614         4
619         5
623         4
627         4
631         4
635         4
639         4
643         4
647         4
651         4
655         4
659         4
663         4
667         4
671         4
675         4
679         4
683         4
687         4
692         5
696         4
700         4
704         4
708         4
712         4
716         4
720         4
724         4
728         4
732         4
736         4
740         4
744         4
748         4
752         4
756         4
760         4
764         4
768         4
772         4
776         4
780         4
784         4
788         4
792         4
796         4
800         4
803         3
807         4
811         4
815         4
819         4
823         4
827         4
831         4
835         4
839         4
843         4
847         4
851         4
855         4
859         4
863         4
867         4
871         4
875         4
879         4
882         3
886         4
890         4
894         4
898         4
902         4
906         4
910         4
914         4
918         4
922         4
926         4
930         4
933         3
937         4
941         4
945         4
949         4
953         4
957         4
961         4
965         4
969         4
972         3
976         4
980         4
984         4
988         4
992         4
996         4
1000         4
1004         4
1007         3
1011         4
1015         4
1023         8
1023         0
1023         0
1023         0
1023         0
1023         0
1023         0
1023         0
1023         0
1023         0
1023         0
1023         0
1023         0
1023         0
1023         0
1023         0
1023         0
1023         0
1023         0
1023         0
1023         0
1023         0
1023         0
1023         0
1023         0
1023         0
1023         0
1023         0
1023         0
1023         0
1023         0
1023         0
1023         0
1023         0
1023         0
1023         0
1023         0
1023         0
1023         0
1023         0
1023         0
1023         0
1023         0
1023         0
1023         0
1023         0
1023         0
1023         0
1023         0
1023         0
1023         0
1023         0
1023         0
1023         0
1023         0
1023         0
1023         0
1023         0
1023         0
1023         0
1023         0
1023         0
1023         0
1023         0
1023         0
1023         0
1023         0
1023         0
1023         0
1023         0
1023         0
1023         0
1023         0
1023         0
1023         0
1023         0
1023         0
1023         0
1023         0
1023         0
1023         0
1023         0
1023         0
1023         0
1023         0
1023         0
1023         0
1023         0
1023         0
1023         0
1023         0
1023         0
1023         0
1023         0
1023         0
1023         0
1023         0
1023         0
1023         0
1023         0
1023         0
1023         0
1023         0
1023         0
1023         0
1023         0
1023         0
1023         0
1023         0
1023         0
1023         0
1023         0
1023         0
1023         0
1023         0
1023         0
1023         0
1023         0
1023         0
1023         0
1023         0
1023         0
1023         0
1023         0
1023         0
1023         0
1023         0
1023         0
1023         0
1023         0
1023         0
1023         0
1023         0
1023         0
1023         0
1023         0
1023         0
1023         0
1023         0
1023         0
1023         0
1023         0
1023         0
1023         0
1023         0
1023         0
1023         0
1023         0
1023         0
1023         0
1023         0
1023         0
1023         0
1023         0
1023         0
1023         0
1023         0
1023         0
1023         0
1023         0
1023         0
1023         0
1023         0
1023         0
1023         0
1023         0
1023         0
1023         0
1023         0
1023         0
1023         0
1023         0
1023         0
1023         0
1023         0
1023         0
1023         0
1023         0
1023         0
1023         0
1023         0
1023         0
1023         0
1023         0
1023         0
1023         0
1023         0
1023         0
1023         0
1023         0
1023         0
1023         0
1023         0
1023         0
1023         0
1023         0
1023         0
1023         0
1023         0
1023         0
1023         0
1023         0
1023         0
1023         0
1023         0
1023         0
1023         0
1023         0
1023         0
1023         0
1023         0
1023         0
1023         0
1023         0
1023         0
1023         0
1023         0
1023         0
1023         0
1023         0
1023         0
1023         0
1023         0
1023         0
1023         0
1023         0
1023         0
1023         0
1023         0
1023         0
1023         0
1023         0
1023         0
1023         0
1023         0
1023         0
1023         0
1023         0
1023         0
1023         0
1023         0
1023         0
1023         0
1023         0
1023         0
1023         0
1023         0
1023         0
1023         0
1023         0
1023         0
1023         0
1023         0
1023         0
1023         0
1023         0
1023         0
1023         0
1023         0
1023         0
1023         0
1023         0
1023         0
1023         0
1023         0
1023         0
1023         0
1023         0
1023         0
1023         0
1023         0
1023         0
1023         0
