0         0
36         36
55         19
71         16
84         13
97         13
108         11
119         11
129         10
138         9
147         9
156         9
165         9
173         8
181         8
189         8
196         7
204         8
211         7
218         7
225         7
232         7
238         6
245         7
251         6
258         7
264         6
270         6
276         6
282         6
288         6
294         6
299         5
305         6
311         6
316         5
322         6
327         5
333         6
338         5
343         5
348         5
353         5
359         6
364         5
369         5
374         5
379         5
383         4
388         5
393         5
398         5
403         5
407         4
412         5
417         5
421         4
426         5
430         4
435         5
439         4
444         5
448         4
453         5
457         4
461         4
466         5
470         4
474         4
478         4
483         5
487         4
491         4
495         4
499         4
503         4
507         4
511         4
516         5
520         4
524         4
528         4
531         3
535         4
539         4
543         4
547         4
551         4
555         4
559         4
563         4
566         3
570         4
574         4
578         4
581         3
585         4
589         4
593         4
596         3
600         4
603         3
607         4
611         4
614         3
618         4
622         4
625         3
629         4
632         3
636         4
639         3
643         4
646         3
650         4
653         3
657         4
660         3
664         4
667         3
670         3
674         4
677         3
681         4
684         3
687         3
691         4
694         3
697         3
701         4
704         3
707         3
710         3
714         4
717         3
720         3
724         4
727         3
730         3
733         3
736         3
740         4
743         3
746         3
749         3
752         3
756         4
759         3
762         3
765         3
768         3
771         3
774         3
777         3
781         4
784         3
787         3
790         3
793         3
796         3
799         3
802         3
805         3
808         3
811         3
814         3
817         3
820         3
823         3
826         3
829         3
832         3
835         3
838         3
841         3
844         3
847         3
850         3
853         3
855         2
858         3
861         3
864         3
867         3
870         3
873         3
876         3
879         3
881         2
884         3
887         3
890         3
893         3
896         3
899         3
901         2
904         3
907         3
910         3
913         3
915         2
918         3
921         3
924         3
926         2
929         3
932         3
935         3
938         3
940         2
943         3
946         3
948         2
951         3
954         3
957         3
959         2
962         3
965         3
967         2
970         3
973         3
976         3
978         2
981         3
984         3
986         2
989         3
991         2
994         3
997         3
999         2
1002         3
1005         3
1007         2
1010         3
1013         3
1015         2
1018         3
1023         5
1023         0
1023         0
1023         0
1023         0
1023         0
1023         0
1023         0
1023         0
1023         0
1023         0
1023         0
1023         0
1023         0
1023         0
1023         0
1023         0
1023         0
1023         0
1023         0
1023         0
1023         0
1023         0
1023         0
1023         0
1023         0
1023         0
1023         0
1023         0
1023         0
1023         0
1023         0
1023         0
1023         0
1023         0
1023         0
1023         0
1023         0
1023         0
1023         0
1023         0
1023         0
1023         0
1023         0
1023         0
1023         0
1023         0
1023         0
1023         0
1023         0
1023         0
1023         0
1023         0
1023         0
1023         0
1023         0
1023         0
1023         0
1023         0
1023         0
1023         0
1023         0
1023         0
1023         0
1023         0
1023         0
1023         0
1023         0
1023         0
1023         0
1023         0
1023         0
1023         0
1023         0
1023         0
1023         0
1023         0
1023         0
1023         0
1023         0
1023         0
1023         0
1023         0
1023         0
1023         0
1023         0
1023         0
1023         0
1023         0
1023         0
1023         0
1023         0
1023         0
1023         0
1023         0
1023         0
1023         0
1023         0
1023         0
1023         0
1023         0
1023         0
1023         0
1023         0
1023         0
1023         0
1023         0
1023         0
1023         0
1023         0
1023         0
1023         0
1023         0
1023         0
1023         0
1023         0
1023         0
1023         0
1023         0
1023         0
1023         0
1023         0
1023         0
1023         0
1023         0
1023         0
1023         0
1023         0
1023         0
1023         0
1023         0
1023         0
1023         0
1023         0
1023         0
1023         0
1023         0
1023         0
1023         0
1023         0
1023         0
1023         0
1023         0
1023         0
1023         0
1023         0
1023         0
1023         0
1023         0
1023         0
1023         0
1023         0
1023         0
1023         0
1023         0
1023         0
1023         0
1023         0
1023         0
1023         0
1023         0
1023         0
1023         0
1023         0
1023         0
1023         0
1023         0
1023         0
1023         0
1023         0
1023         0
1023         0
1023         0
1023         0
1023         0
1023         0
1023         0
1023         0
1023         0
1023         0
1023         0
1023         0
1023         0
1023         0
1023         0
1023         0
1023         0
1023         0
1023         0
1023         0
1023         0
1023         0
1023         0
1023         0
1023         0
1023         0
1023         0
1023         0
1023         0
1023         0
1023         0
1023         0
1023         0
1023         0
1023         0
1023         0
1023         0
1023         0
1023         0
1023         0
1023         0
1023         0
1023         0
1023         0
1023         0
1023         0
1023         0
1023         0
1023         0
1023         0
1023         0
1023         0
1023         0
1023         0
1023         0
1023         0
1023         0
1023         0
1023         0
1023         0
1023         0
1023         0
1023         0
1023         0
1023         0
1023         0
1023         0
1023         0
1023         0
1023         0
1023         0
1023         0
1023         0
1023         0
1023         0
1023         0
1023         0
1023         0
1023         0
1023         0
1023         0
1023         0
1023         0
1023         0
1023         0
1023         0
1023         0
1023         0
1023         0
1023         0
1023         0
1023         0
1023         0
1023         0
1023         0
1023         0
1023         0
1023         0
1023         0
1023         0
1023         0
1023         0
1023         0
