0         0
41         41
61         20
78         17
92         14
105         13
117         12
128         11
138         10
148         10
158         10
167         9
176         9
184         8
192         8
200         8
208         8
216         8
223         7
230         7
237         7
244         7
251         7
257         6
264         7
270         6
277         7
283         6
289         6
295         6
301         6
307         6
313         6
318         5
324         6
330         6
335         5
341         6
346         5
351         5
357         6
362         5
367         5
372         5
377         5
382         5
387         5
392         5
397         5
402         5
407         5
411         4
416         5
421         5
425         4
430         5
435         5
439         4
444         5
448         4
453         5
457         4
461         4
466         5
470         4
474         4
479         5
483         4
487         4
491         4
496         5
500         4
504         4
508         4
512         4
516         4
520         4
524         4
528         4
532         4
536         4
540         4
544         4
548         4
552         4
556         4
559         3
563         4
567         4
571         4
575         4
578         3
582         4
586         4
589         3
593         4
597         4
600         3
604         4
608         4
611         3
615         4
618         3
622         4
626         4
629         3
633         4
636         3
640         4
643         3
647         4
650         3
653         3
657         4
660         3
664         4
667         3
670         3
674         4
677         3
680         3
684         4
687         3
690         3
694         4
697         3
700         3
704         4
707         3
710         3
713         3
716         3
720         4
723         3
726         3
729         3
732         3
736         4
739         3
742         3
745         3
748         3
751         3
754         3
757         3
761         4
764         3
767         3
770         3
773         3
776         3
779         3
782         3
785         3
788         3
791         3
794         3
797         3
800         3
803         3
806         3
809         3
812         3
815         3
818         3
821         3
824         3
826         2
829         3
832         3
835         3
838         3
841         3
844         3
847         3
850         3
852         2
855         3
858         3
861         3
864         3
867         3
869         2
872         3
875         3
878         3
881         3
883         2
886         3
889         3
892         3
894         2
897         3
900         3
903         3
905         2
908         3
911         3
914         3
916         2
919         3
922         3
924         2
927         3
930         3
932         2
935         3
938         3
940         2
943         3
946         3
948         2
951         3
954         3
956         2
959         3
962         3
964         2
967         3
969         2
972         3
975         3
977         2
980         3
982         2
985         3
987         2
990         3
993         3
995         2
998         3
1000         2
1003         3
1005         2
1008         3
1010         2
1013         3
1015         2
1018         3
1023         5
1023         0
1023         0
1023         0
1023         0
1023         0
1023         0
1023         0
1023         0
1023         0
1023         0
1023         0
1023         0
1023         0
1023         0
1023         0
1023         0
1023         0
1023         0
1023         0
1023         0
1023         0
1023         0
1023         0
1023         0
1023         0
1023         0
1023         0
1023         0
1023         0
1023         0
1023         0
1023         0
1023         0
1023         0
1023         0
1023         0
1023         0
1023         0
1023         0
1023         0
1023         0
1023         0
1023         0
1023         0
1023         0
1023         0
1023         0
1023         0
1023         0
1023         0
1023         0
1023         0
1023         0
1023         0
1023         0
1023         0
1023         0
1023         0
1023         0
1023         0
1023         0
1023         0
1023         0
1023         0
1023         0
1023         0
1023         0
1023         0
1023         0
1023         0
1023         0
1023         0
1023         0
1023         0
1023         0
1023         0
1023         0
1023         0
1023         0
1023         0
1023         0
1023         0
1023         0
1023         0
1023         0
1023         0
1023         0
1023         0
1023         0
1023         0
1023         0
1023         0
1023         0
1023         0
1023         0
1023         0
1023         0
1023         0
1023         0
1023         0
1023         0
1023         0
1023         0
1023         0
1023         0
1023         0
1023         0
1023         0
1023         0
1023         0
1023         0
1023         0
1023         0
1023         0
1023         0
1023         0
1023         0
1023         0
1023         0
1023         0
1023         0
1023         0
1023         0
1023         0
1023         0
1023         0
1023         0
1023         0
1023         0
1023         0
1023         0
1023         0
1023         0
1023         0
1023         0
1023         0
1023         0
1023         0
1023         0
1023         0
1023         0
1023         0
1023         0
1023         0
1023         0
1023         0
1023         0
1023         0
1023         0
1023         0
1023         0
1023         0
1023         0
1023         0
1023         0
1023         0
1023         0
1023         0
1023         0
1023         0
1023         0
1023         0
1023         0
1023         0
1023         0
1023         0
1023         0
1023         0
1023         0
1023         0
1023         0
1023         0
1023         0
1023         0
1023         0
1023         0
1023         0
1023         0
1023         0
1023         0
1023         0
1023         0
1023         0
1023         0
1023         0
1023         0
1023         0
1023         0
1023         0
1023         0
1023         0
1023         0
1023         0
1023         0
1023         0
1023         0
1023         0
1023         0
1023         0
1023         0
1023         0
1023         0
1023         0
1023         0
1023         0
1023         0
1023         0
1023         0
1023         0
1023         0
1023         0
1023         0
1023         0
1023         0
1023         0
1023         0
1023         0
1023         0
1023         0
1023         0
1023         0
1023         0
1023         0
1023         0
1023         0
1023         0
1023         0
1023         0
1023         0
1023         0
1023         0
1023         0
1023         0
1023         0
1023         0
1023         0
1023         0
1023         0
1023         0
1023         0
1023         0
1023         0
1023         0
1023         0
1023         0
1023         0
1023         0
1023         0
1023         0
1023         0
1023         0
1023         0
1023         0
1023         0
1023         0
1023         0
1023         0
1023         0
1023         0
1023         0
1023         0
1023         0
1023         0
1023         0
1023         0
1023         0
1023         0
1023         0
1023         0
1023         0
1023         0
1023         0
