0         0
4         4
9         5
13         4
17         4
21         4
26         5
30         4
34         4
38         4
43         5
47         4
51         4
55         4
60         5
64         4
68         4
72         4
77         5
81         4
85         4
90         5
94         4
98         4
102         4
107         5
111         4
115         4
119         4
124         5
128         4
132         4
136         4
141         5
145         4
149         4
153         4
158         5
162         4
166         4
170         4
175         5
179         4
183         4
188         5
192         4
196         4
200         4
205         5
209         4
213         4
217         4
222         5
226         4
230         4
234         4
239         5
243         4
247         4
251         4
256         5
260         4
264         4
269         5
273         4
277         4
281         4
286         5
290         4
294         4
298         4
303         5
307         4
311         4
315         4
320         5
324         4
328         4
332         4
337         5
341         4
345         4
350         5
354         4
358         4
362         4
367         5
371         4
375         4
379         4
384         5
388         4
392         4
396         4
401         5
405         4
409         4
413         4
418         5
422         4
426         4
431         5
435         4
439         4
443         4
448         5
452         4
456         4
460         4
465         5
469         4
473         4
477         4
482         5
486         4
490         4
494         4
499         5
503         4
507         4
511         4
516         5
520         4
524         4
529         5
533         4
537         4
541         4
546         5
550         4
554         4
558         4
563         5
567         4
571         4
575         4
580         5
584         4
588         4
592         4
597         5
601         4
605         4
610         5
614         4
618         4
622         4
627         5
631         4
635         4
639         4
644         5
648         4
652         4
656         4
661         5
665         4
669         4
673         4
678         5
682         4
686         4
691         5
695         4
699         4
703         4
708         5
712         4
716         4
720         4
725         5
729         4
733         4
737         4
742         5
746         4
750         4
754         4
759         5
763         4
767         4
772         5
776         4
780         4
784         4
789         5
793         4
797         4
801         4
806         5
810         4
814         4
818         4
823         5
827         4
831         4
835         4
840         5
844         4
848         4
853         5
857         4
861         4
865         4
870         5
874         4
878         4
882         4
887         5
891         4
895         4
899         4
904         5
908         4
912         4
916         4
921         5
925         4
929         4
933         4
938         5
942         4
946         4
951         5
955         4
959         4
963         4
968         5
972         4
976         4
980         4
985         5
989         4
993         4
997         4
1002         5
1006         4
1010         4
1014         4
1023         9
1023         0
1023         0
1023         0
1023         0
1023         0
1023         0
1023         0
1023         0
1023         0
1023         0
1023         0
1023         0
1023         0
1023         0
1023         0
1023         0
1023         0
1023         0
1023         0
1023         0
1023         0
1023         0
1023         0
1023         0
1023         0
1023         0
1023         0
1023         0
1023         0
1023         0
1023         0
1023         0
1023         0
1023         0
1023         0
1023         0
1023         0
1023         0
1023         0
1023         0
1023         0
1023         0
1023         0
1023         0
1023         0
1023         0
1023         0
1023         0
1023         0
1023         0
1023         0
1023         0
1023         0
1023         0
1023         0
1023         0
1023         0
1023         0
1023         0
1023         0
1023         0
1023         0
1023         0
1023         0
1023         0
1023         0
1023         0
1023         0
1023         0
1023         0
1023         0
1023         0
1023         0
1023         0
1023         0
1023         0
1023         0
1023         0
1023         0
1023         0
1023         0
1023         0
1023         0
1023         0
1023         0
1023         0
1023         0
1023         0
1023         0
1023         0
1023         0
1023         0
1023         0
1023         0
1023         0
1023         0
1023         0
1023         0
1023         0
1023         0
1023         0
1023         0
1023         0
1023         0
1023         0
1023         0
1023         0
1023         0
1023         0
1023         0
1023         0
1023         0
1023         0
1023         0
1023         0
1023         0
1023         0
1023         0
1023         0
1023         0
1023         0
1023         0
1023         0
1023         0
1023         0
1023         0
1023         0
1023         0
1023         0
1023         0
1023         0
1023         0
1023         0
1023         0
1023         0
1023         0
1023         0
1023         0
1023         0
1023         0
1023         0
1023         0
1023         0
1023         0
1023         0
1023         0
1023         0
1023         0
1023         0
1023         0
1023         0
1023         0
1023         0
1023         0
1023         0
1023         0
1023         0
1023         0
1023         0
1023         0
1023         0
1023         0
1023         0
1023         0
1023         0
1023         0
1023         0
1023         0
1023         0
1023         0
1023         0
1023         0
1023         0
1023         0
1023         0
1023         0
1023         0
1023         0
1023         0
1023         0
1023         0
1023         0
1023         0
1023         0
1023         0
1023         0
1023         0
1023         0
1023         0
1023         0
1023         0
1023         0
1023         0
1023         0
1023         0
1023         0
1023         0
1023         0
1023         0
1023         0
1023         0
1023         0
1023         0
1023         0
1023         0
1023         0
1023         0
1023         0
1023         0
1023         0
1023         0
1023         0
1023         0
1023         0
1023         0
1023         0
1023         0
1023         0
1023         0
1023         0
1023         0
1023         0
1023         0
1023         0
1023         0
1023         0
1023         0
1023         0
1023         0
1023         0
1023         0
1023         0
1023         0
1023         0
1023         0
1023         0
1023         0
1023         0
1023         0
1023         0
1023         0
1023         0
1023         0
1023         0
1023         0
1023         0
1023         0
1023         0
1023         0
1023         0
1023         0
1023         0
1023         0
1023         0
1023         0
1023         0
1023         0
1023         0
1023         0
1023         0
1023         0
1023         0
1023         0
1023         0
1023         0
1023         0
1023         0
1023         0
1023         0
1023         0
1023         0
1023         0
