0         0
2         2
5         3
8         3
11         3
14         3
17         3
20         3
23         3
27         4
30         3
33         3
37         4
40         3
44         4
47         3
50         3
54         4
58         4
61         3
65         4
68         3
72         4
76         4
79         3
83         4
87         4
90         3
94         4
98         4
101         3
105         4
109         4
113         4
117         4
120         3
124         4
128         4
132         4
136         4
140         4
144         4
148         4
151         3
155         4
159         4
163         4
167         4
171         4
175         4
179         4
183         4
187         4
191         4
195         4
199         4
203         4
207         4
211         4
215         4
219         4
223         4
227         4
231         4
236         5
240         4
244         4
248         4
252         4
256         4
260         4
264         4
268         4
273         5
277         4
281         4
285         4
289         4
293         4
298         5
302         4
306         4
310         4
314         4
319         5
323         4
327         4
331         4
336         5
340         4
344         4
348         4
353         5
357         4
361         4
365         4
370         5
374         4
378         4
382         4
387         5
391         4
395         4
400         5
404         4
408         4
413         5
417         4
421         4
426         5
430         4
434         4
439         5
443         4
447         4
452         5
456         4
460         4
465         5
469         4
474         5
478         4
482         4
487         5
491         4
496         5
500         4
504         4
509         5
513         4
518         5
522         4
526         4
531         5
535         4
540         5
544         4
549         5
553         4
558         5
562         4
567         5
571         4
575         4
580         5
584         4
589         5
593         4
598         5
602         4
607         5
611         4
616         5
620         4
625         5
629         4
634         5
638         4
643         5
647         4
652         5
656         4
661         5
666         5
670         4
675         5
679         4
684         5
688         4
693         5
697         4
702         5
707         5
711         4
716         5
720         4
725         5
729         4
734         5
739         5
743         4
748         5
752         4
757         5
761         4
766         5
771         5
775         4
780         5
785         5
789         4
794         5
798         4
803         5
808         5
812         4
817         5
821         4
826         5
831         5
835         4
840         5
845         5
849         4
854         5
859         5
863         4
868         5
873         5
877         4
882         5
887         5
891         4
896         5
901         5
905         4
910         5
915         5
919         4
924         5
929         5
933         4
938         5
943         5
948         5
952         4
957         5
962         5
966         4
971         5
976         5
980         4
985         5
990         5
995         5
999         4
1004         5
1009         5
1014         5
1023         9
1023         0
1023         0
1023         0
1023         0
1023         0
1023         0
1023         0
1023         0
1023         0
1023         0
1023         0
1023         0
1023         0
1023         0
1023         0
1023         0
1023         0
1023         0
1023         0
1023         0
1023         0
1023         0
1023         0
1023         0
1023         0
1023         0
1023         0
1023         0
1023         0
1023         0
1023         0
1023         0
1023         0
1023         0
1023         0
1023         0
1023         0
1023         0
1023         0
1023         0
1023         0
1023         0
1023         0
1023         0
1023         0
1023         0
1023         0
1023         0
1023         0
1023         0
1023         0
1023         0
1023         0
1023         0
1023         0
1023         0
1023         0
1023         0
1023         0
1023         0
1023         0
1023         0
1023         0
1023         0
1023         0
1023         0
1023         0
1023         0
1023         0
1023         0
1023         0
1023         0
1023         0
1023         0
1023         0
1023         0
1023         0
1023         0
1023         0
1023         0
1023         0
1023         0
1023         0
1023         0
1023         0
1023         0
1023         0
1023         0
1023         0
1023         0
1023         0
1023         0
1023         0
1023         0
1023         0
1023         0
1023         0
1023         0
1023         0
1023         0
1023         0
1023         0
1023         0
1023         0
1023         0
1023         0
1023         0
1023         0
1023         0
1023         0
1023         0
1023         0
1023         0
1023         0
1023         0
1023         0
1023         0
1023         0
1023         0
1023         0
1023         0
1023         0
1023         0
1023         0
1023         0
1023         0
1023         0
1023         0
1023         0
1023         0
1023         0
1023         0
1023         0
1023         0
1023         0
1023         0
1023         0
1023         0
1023         0
1023         0
1023         0
1023         0
1023         0
1023         0
1023         0
1023         0
1023         0
1023         0
1023         0
1023         0
1023         0
1023         0
1023         0
1023         0
1023         0
1023         0
1023         0
1023         0
1023         0
1023         0
1023         0
1023         0
1023         0
1023         0
1023         0
1023         0
1023         0
1023         0
1023         0
1023         0
1023         0
1023         0
1023         0
1023         0
1023         0
1023         0
1023         0
1023         0
1023         0
1023         0
1023         0
1023         0
1023         0
1023         0
1023         0
1023         0
1023         0
1023         0
1023         0
1023         0
1023         0
1023         0
1023         0
1023         0
1023         0
1023         0
1023         0
1023         0
1023         0
1023         0
1023         0
1023         0
1023         0
1023         0
1023         0
1023         0
1023         0
1023         0
1023         0
1023         0
1023         0
1023         0
1023         0
1023         0
1023         0
1023         0
1023         0
1023         0
1023         0
1023         0
1023         0
1023         0
1023         0
1023         0
1023         0
1023         0
1023         0
1023         0
1023         0
1023         0
1023         0
1023         0
1023         0
1023         0
1023         0
1023         0
1023         0
1023         0
1023         0
1023         0
1023         0
1023         0
1023         0
1023         0
1023         0
1023         0
1023         0
1023         0
1023         0
1023         0
1023         0
1023         0
1023         0
1023         0
1023         0
1023         0
1023         0
1023         0
1023         0
1023         0
1023         0
1023         0
1023         0
1023         0
1023         0
1023         0
1023         0
1023         0
1023         0
1023         0
1023         0
1023         0
