0         0
1         1
2         1
3         1
5         2
6         1
7         1
8         1
9         1
10         1
11         1
12         1
14         2
15         1
16         1
17         1
18         1
19         1
20         1
21         1
23         2
24         1
25         1
26         1
27         1
28         1
29         1
30         1
32         2
33         1
34         1
35         1
36         1
37         1
39         2
40         1
42         2
43         1
44         1
46         2
47         1
48         1
50         2
51         1
53         2
54         1
55         1
57         2
58         1
59         1
61         2
62         1
64         2
65         1
66         1
68         2
69         1
70         1
72         2
73         1
75         2
76         1
77         1
79         2
80         1
81         1
83         2
84         1
86         2
87         1
88         1
90         2
91         1
92         1
94         2
95         1
97         2
98         1
99         1
101         2
102         1
103         1
105         2
106         1
108         2
109         1
110         1
112         2
113         1
114         1
116         2
117         1
119         2
120         1
121         1
123         2
124         1
126         2
128         2
129         1
131         2
133         2
135         2
136         1
138         2
140         2
142         2
143         1
145         2
147         2
149         2
150         1
152         2
154         2
156         2
157         1
159         2
161         2
163         2
164         1
166         2
168         2
170         2
171         1
173         2
175         2
177         2
178         1
180         2
182         2
184         2
186         2
188         2
190         2
192         2
194         2
196         2
198         2
200         2
202         2
204         2
206         2
208         2
210         2
212         2
214         2
216         2
218         2
220         2
222         2
224         2
226         2
228         2
230         2
232         2
234         2
236         2
238         2
240         2
242         2
244         2
246         2
249         3
251         2
254         3
256         2
258         2
261         3
263         2
265         2
268         3
270         2
273         3
275         2
277         2
280         3
282         2
284         2
287         3
289         2
292         3
294         2
296         2
299         3
301         2
303         2
306         3
308         2
311         3
313         2
315         2
318         3
320         2
323         3
326         3
328         2
331         3
334         3
337         3
339         2
342         3
345         3
348         3
350         2
353         3
356         3
359         3
361         2
364         3
367         3
370         3
372         2
375         3
378         3
381         3
383         2
386         3
389         3
392         3
394         2
397         3
400         3
403         3
405         2
408         3
411         3
415         4
418         3
421         3
424         3
428         4
431         3
434         3
437         3
441         4
444         3
447         3
450         3
454         4
457         3
460         3
463         3
467         4
470         3
473         3
476         3
480         4
483         3
486         3
489         3
493         4
496         3
499         3
502         3
506         4
509         3
512         3
515         3
518         3
521         3
525         4
528         3
531         3
534         3
537         3
540         3
543         3
546         3
550         4
553         3
556         3
559         3
562         3
565         3
568         3
571         3
575         4
578         3
581         3
584         3
587         3
590         3
593         3
596         3
600         4
603         3
606         3
609         3
612         3
615         3
618         3
620         2
623         3
626         3
629         3
631         2
634         3
637         3
640         3
642         2
645         3
648         3
651         3
653         2
656         3
659         3
662         3
664         2
667         3
670         3
673         3
675         2
678         3
681         3
684         3
686         2
689         3
692         3
695         3
697         2
700         3
702         2
705         3
707         2
710         3
712         2
714         2
717         3
719         2
721         2
724         3
726         2
729         3
731         2
733         2
736         3
738         2
740         2
743         3
745         2
748         3
750         2
752         2
755         3
757         2
759         2
762         3
764         2
767         3
769         2
771         2
774         3
776         2
778         2
780         2
782         2
784         2
786         2
788         2
790         2
792         2
794         2
796         2
798         2
800         2
802         2
804         2
806         2
808         2
810         2
812         2
814         2
816         2
818         2
820         2
822         2
824         2
826         2
828         2
830         2
832         2
834         2
836         2
838         2
840         2
842         2
844         2
845         1
847         2
849         2
851         2
852         1
854         2
856         2
858         2
859         1
861         2
863         2
865         2
866         1
868         2
870         2
872         2
873         1
875         2
877         2
879         2
880         1
882         2
884         2
886         2
887         1
889         2
891         2
893         2
894         1
896         2
897         1
899         2
900         1
902         2
903         1
904         1
906         2
907         1
908         1
910         2
911         1
913         2
914         1
915         1
917         2
918         1
919         1
921         2
922         1
924         2
925         1
926         1
928         2
929         1
930         1
932         2
933         1
935         2
936         1
937         1
939         2
940         1
941         1
943         2
944         1
946         2
947         1
948         1
950         2
951         1
952         1
954         2
955         1
957         2
958         1
959         1
961         2
962         1
963         1
965         2
966         1
968         2
969         1
970         1
972         2
973         1
974         1
976         2
977         1
979         2
980         1
981         1
983         2
984         1
985         1
987         2
988         1
989         1
990         1
992         2
993         1
994         1
995         1
997         2
998         1
999         1
1000         1
1002         2
1003         1
1004         1
1005         1
1007         2
1008         1
1009         1
1010         1
1012         2
1013         1
1014         1
1015         1
1017         2
1018         1
1019         1
1020         1
1022         2
1023         1
