0         0
2         2
3         1
5         2
7         2
8         1
10         2
11         1
13         2
15         2
16         1
18         2
20         2
21         1
23         2
24         1
26         2
28         2
29         1
31         2
33         2
34         1
36         2
37         1
39         2
41         2
42         1
44         2
46         2
47         1
49         2
50         1
52         2
54         2
56         2
57         1
59         2
61         2
63         2
64         1
66         2
68         2
70         2
71         1
73         2
75         2
77         2
78         1
80         2
82         2
84         2
85         1
87         2
89         2
91         2
92         1
94         2
96         2
98         2
99         1
101         2
103         2
105         2
106         1
108         2
110         2
112         2
113         1
115         2
117         2
119         2
120         1
122         2
124         2
126         2
127         1
129         2
131         2
133         2
134         1
136         2
138         2
140         2
141         1
143         2
145         2
147         2
148         1
150         2
152         2
154         2
155         1
157         2
159         2
161         2
162         1
164         2
166         2
168         2
170         2
172         2
174         2
176         2
178         2
180         2
182         2
184         2
186         2
188         2
190         2
192         2
194         2
196         2
198         2
200         2
202         2
204         2
206         2
208         2
210         2
212         2
214         2
216         2
218         2
220         2
222         2
224         2
226         2
228         2
230         2
232         2
234         2
236         2
238         2
240         2
242         2
244         2
246         2
248         2
250         2
252         2
254         2
256         2
258         2
260         2
262         2
264         2
266         2
268         2
270         2
272         2
274         2
276         2
278         2
280         2
282         2
284         2
286         2
288         2
290         2
292         2
294         2
296         2
298         2
301         3
303         2
305         2
307         2
309         2
311         2
313         2
315         2
318         3
320         2
322         2
324         2
326         2
328         2
330         2
332         2
335         3
337         2
339         2
341         2
343         2
345         2
347         2
349         2
352         3
354         2
356         2
358         2
360         2
362         2
365         3
367         2
369         2
371         2
374         3
376         2
378         2
380         2
383         3
385         2
387         2
389         2
392         3
394         2
396         2
398         2
401         3
403         2
405         2
407         2
410         3
412         2
414         2
416         2
419         3
421         2
423         2
425         2
428         3
430         2
432         2
435         3
437         2
440         3
442         2
445         3
447         2
450         3
452         2
455         3
457         2
460         3
462         2
465         3
467         2
470         3
472         2
475         3
477         2
480         3
482         2
485         3
487         2
490         3
492         2
495         3
497         2
500         3
502         2
505         3
507         2
510         3
512         2
514         2
517         3
519         2
522         3
524         2
526         2
529         3
531         2
533         2
536         3
538         2
541         3
543         2
545         2
548         3
550         2
552         2
555         3
557         2
560         3
562         2
564         2
567         3
569         2
571         2
574         3
576         2
579         3
581         2
583         2
586         3
588         2
590         2
593         3
595         2
597         2
599         2
602         3
604         2
606         2
608         2
611         3
613         2
615         2
617         2
620         3
622         2
624         2
626         2
629         3
631         2
633         2
635         2
638         3
640         2
642         2
644         2
647         3
649         2
651         2
653         2
656         3
658         2
660         2
662         2
664         2
666         2
669         3
671         2
673         2
675         2
677         2
679         2
681         2
683         2
686         3
688         2
690         2
692         2
694         2
696         2
698         2
700         2
703         3
705         2
707         2
709         2
711         2
713         2
715         2
717         2
720         3
722         2
724         2
726         2
728         2
730         2
732         2
734         2
736         2
738         2
740         2
742         2
744         2
746         2
748         2
750         2
752         2
754         2
756         2
758         2
760         2
762         2
764         2
766         2
768         2
770         2
772         2
774         2
776         2
778         2
780         2
782         2
784         2
786         2
788         2
790         2
792         2
794         2
796         2
798         2
800         2
802         2
804         2
806         2
808         2
810         2
812         2
814         2
816         2
818         2
820         2
822         2
824         2
826         2
828         2
830         2
832         2
834         2
836         2
838         2
840         2
842         2
844         2
846         2
848         2
850         2
852         2
854         2
856         2
858         2
860         2
861         1
863         2
865         2
867         2
868         1
870         2
872         2
874         2
875         1
877         2
879         2
881         2
882         1
884         2
886         2
888         2
889         1
891         2
893         2
895         2
896         1
898         2
900         2
902         2
903         1
905         2
907         2
909         2
910         1
912         2
914         2
916         2
917         1
919         2
921         2
923         2
924         1
926         2
928         2
930         2
931         1
933         2
935         2
937         2
938         1
940         2
942         2
944         2
945         1
947         2
949         2
951         2
952         1
954         2
956         2
958         2
959         1
961         2
963         2
965         2
966         1
968         2
970         2
972         2
973         1
975         2
977         2
979         2
980         1
982         2
984         2
986         2
987         1
989         2
991         2
993         2
994         1
996         2
998         2
1000         2
1001         1
1003         2
1005         2
1007         2
1008         1
1010         2
1012         2
1014         2
1015         1
1017         2
1019         2
1021         2
1022         1
