0         0
5         5
8         3
12         4
15         3
18         3
21         3
25         4
28         3
31         3
33         2
36         3
39         3
42         3
45         3
48         3
50         2
53         3
56         3
58         2
61         3
64         3
66         2
69         3
72         3
74         2
77         3
79         2
82         3
84         2
87         3
89         2
92         3
94         2
97         3
99         2
102         3
104         2
107         3
109         2
112         3
114         2
116         2
119         3
121         2
124         3
126         2
128         2
131         3
133         2
136         3
138         2
140         2
143         3
145         2
147         2
150         3
152         2
154         2
157         3
159         2
161         2
163         2
166         3
168         2
170         2
173         3
175         2
177         2
179         2
182         3
184         2
186         2
188         2
191         3
193         2
195         2
197         2
200         3
202         2
204         2
206         2
208         2
211         3
213         2
215         2
217         2
219         2
222         3
224         2
226         2
228         2
230         2
233         3
235         2
237         2
239         2
241         2
243         2
246         3
248         2
250         2
252         2
254         2
256         2
258         2
261         3
263         2
265         2
267         2
269         2
271         2
273         2
275         2
278         3
280         2
282         2
284         2
286         2
288         2
290         2
292         2
294         2
297         3
299         2
301         2
303         2
305         2
307         2
309         2
311         2
313         2
315         2
317         2
319         2
322         3
324         2
326         2
328         2
330         2
332         2
334         2
336         2
338         2
340         2
342         2
344         2
346         2
348         2
350         2
352         2
354         2
356         2
358         2
361         3
363         2
365         2
367         2
369         2
371         2
373         2
375         2
377         2
379         2
381         2
383         2
385         2
387         2
389         2
391         2
393         2
395         2
397         2
399         2
401         2
403         2
405         2
407         2
409         2
411         2
413         2
415         2
417         2
419         2
421         2
423         2
425         2
427         2
429         2
431         2
433         2
435         2
437         2
439         2
441         2
443         2
445         2
447         2
449         2
451         2
453         2
454         1
456         2
458         2
460         2
462         2
464         2
466         2
468         2
470         2
472         2
474         2
476         2
478         2
480         2
482         2
484         2
486         2
488         2
490         2
492         2
494         2
495         1
497         2
499         2
501         2
503         2
505         2
507         2
509         2
511         2
513         2
515         2
517         2
519         2
521         2
523         2
524         1
526         2
528         2
530         2
532         2
534         2
536         2
538         2
540         2
542         2
544         2
546         2
547         1
549         2
551         2
553         2
555         2
557         2
559         2
561         2
563         2
565         2
567         2
568         1
570         2
572         2
574         2
576         2
578         2
580         2
582         2
584         2
586         2
587         1
589         2
591         2
593         2
595         2
597         2
599         2
601         2
603         2
604         1
606         2
608         2
610         2
612         2
614         2
616         2
618         2
619         1
621         2
623         2
625         2
627         2
629         2
631         2
633         2
634         1
636         2
638         2
640         2
642         2
644         2
646         2
648         2
649         1
651         2
653         2
655         2
657         2
659         2
661         2
662         1
664         2
666         2
668         2
670         2
672         2
674         2
675         1
677         2
679         2
681         2
683         2
685         2
687         2
688         1
690         2
692         2
694         2
696         2
698         2
699         1
701         2
703         2
705         2
707         2
709         2
710         1
712         2
714         2
716         2
718         2
720         2
721         1
723         2
725         2
727         2
729         2
731         2
732         1
734         2
736         2
738         2
740         2
742         2
743         1
745         2
747         2
749         2
751         2
753         2
754         1
756         2
758         2
760         2
762         2
763         1
765         2
767         2
769         2
771         2
773         2
774         1
776         2
778         2
780         2
782         2
783         1
785         2
787         2
789         2
791         2
793         2
794         1
796         2
798         2
800         2
802         2
803         1
805         2
807         2
809         2
811         2
812         1
814         2
816         2
818         2
820         2
821         1
823         2
825         2
827         2
829         2
830         1
832         2
834         2
836         2
838         2
839         1
841         2
843         2
845         2
847         2
848         1
850         2
852         2
854         2
855         1
857         2
859         2
861         2
863         2
864         1
866         2
868         2
870         2
872         2
873         1
875         2
877         2
879         2
880         1
882         2
884         2
886         2
888         2
889         1
891         2
893         2
895         2
896         1
898         2
900         2
902         2
904         2
905         1
907         2
909         2
911         2
912         1
914         2
916         2
918         2
919         1
921         2
923         2
925         2
927         2
928         1
930         2
932         2
934         2
935         1
937         2
939         2
941         2
942         1
944         2
946         2
948         2
949         1
951         2
953         2
955         2
957         2
958         1
960         2
962         2
964         2
965         1
967         2
969         2
971         2
972         1
974         2
976         2
978         2
979         1
981         2
983         2
985         2
986         1
988         2
990         2
992         2
993         1
995         2
997         2
999         2
1000         1
1002         2
1004         2
1006         2
1007         1
1009         2
1011         2
1013         2
1014         1
1016         2
1018         2
1020         2
1021         1
1023         2
