0         0
1         1
2         1
3         1
4         1
5         1
6         1
7         1
8         1
9         1
10         1
11         1
12         1
13         1
14         1
15         1
16         1
17         1
18         1
19         1
20         1
21         1
22         1
23         1
24         1
25         1
26         1
27         1
28         1
29         1
30         1
31         1
32         1
33         1
34         1
35         1
37         2
38         1
39         1
40         1
41         1
42         1
43         1
44         1
46         2
47         1
48         1
49         1
50         1
51         1
52         1
53         1
55         2
56         1
57         1
58         1
59         1
60         1
61         1
62         1
64         2
65         1
66         1
67         1
68         1
69         1
71         2
72         1
73         1
74         1
76         2
77         1
78         1
79         1
81         2
82         1
83         1
84         1
86         2
87         1
88         1
89         1
91         2
92         1
93         1
94         1
96         2
97         1
98         1
99         1
101         2
102         1
103         1
104         1
106         2
107         1
108         1
110         2
111         1
113         2
115         2
116         1
118         2
119         1
121         2
123         2
124         1
126         2
128         2
129         1
131         2
132         1
134         2
136         2
137         1
139         2
141         2
142         1
144         2
145         1
147         2
149         2
150         1
152         2
154         2
155         1
157         2
158         1
160         2
162         2
164         2
166         2
168         2
169         1
171         2
173         2
175         2
177         2
179         2
181         2
183         2
184         1
186         2
188         2
190         2
192         2
194         2
196         2
198         2
199         1
201         2
203         2
205         2
207         2
209         2
211         2
213         2
214         1
216         2
218         2
220         2
223         3
225         2
228         3
230         2
233         3
235         2
238         3
240         2
243         3
245         2
248         3
250         2
253         3
255         2
258         3
260         2
263         3
265         2
268         3
270         2
273         3
275         2
278         3
280         2
283         3
285         2
288         3
290         2
293         3
295         2
298         3
300         2
303         3
306         3
309         3
312         3
314         2
317         3
320         3
323         3
326         3
329         3
332         3
335         3
337         2
340         3
343         3
346         3
349         3
352         3
355         3
358         3
360         2
363         3
366         3
369         3
372         3
375         3
378         3
381         3
383         2
386         3
389         3
392         3
396         4
400         4
403         3
407         4
411         4
415         4
418         3
422         4
426         4
430         4
433         3
437         4
441         4
445         4
448         3
452         4
456         4
460         4
463         3
467         4
471         4
475         4
478         3
482         4
486         4
490         4
493         3
497         4
501         4
505         4
508         3
512         4
516         4
519         3
523         4
527         4
530         3
534         4
537         3
541         4
545         4
548         3
552         4
556         4
559         3
563         4
566         3
570         4
574         4
577         3
581         4
585         4
588         3
592         4
595         3
599         4
603         4
606         3
610         4
614         4
617         3
621         4
624         3
628         4
631         3
634         3
637         3
640         3
642         2
645         3
648         3
651         3
654         3
657         3
660         3
663         3
665         2
668         3
671         3
674         3
677         3
680         3
683         3
686         3
688         2
691         3
694         3
697         3
700         3
703         3
706         3
709         3
711         2
714         3
717         3
720         3
723         3
725         2
728         3
730         2
733         3
735         2
738         3
740         2
743         3
745         2
748         3
750         2
753         3
755         2
758         3
760         2
763         3
765         2
768         3
770         2
773         3
775         2
778         3
780         2
783         3
785         2
788         3
790         2
793         3
795         2
798         3
800         2
802         2
804         2
806         2
808         2
809         1
811         2
813         2
815         2
817         2
819         2
821         2
823         2
824         1
826         2
828         2
830         2
832         2
834         2
836         2
838         2
839         1
841         2
843         2
845         2
847         2
849         2
851         2
853         2
854         1
856         2
858         2
860         2
862         2
863         1
865         2
867         2
868         1
870         2
871         1
873         2
875         2
876         1
878         2
880         2
881         1
883         2
884         1
886         2
888         2
889         1
891         2
893         2
894         1
896         2
897         1
899         2
901         2
902         1
904         2
906         2
907         1
909         2
910         1
912         2
913         1
915         2
916         1
917         1
918         1
920         2
921         1
922         1
923         1
925         2
926         1
927         1
928         1
930         2
931         1
932         1
933         1
935         2
936         1
937         1
938         1
940         2
941         1
942         1
943         1
945         2
946         1
947         1
948         1
950         2
951         1
952         1
953         1
954         1
955         1
957         2
958         1
959         1
960         1
961         1
962         1
963         1
964         1
966         2
967         1
968         1
969         1
970         1
971         1
972         1
973         1
975         2
976         1
977         1
978         1
979         1
980         1
981         1
982         1
984         2
985         1
986         1
987         1
988         1
989         1
990         1
991         1
993         2
994         1
995         1
996         1
997         1
998         1
999         1
1000         1
1002         2
1003         1
1004         1
1005         1
1006         1
1007         1
1008         1
1009         1
1011         2
1012         1
1013         1
1014         1
1015         1
1016         1
1017         1
1018         1
1020         2
1021         1
1022         1
1023         1
