0         0
7         7
12         5
17         5
21         4
25         4
29         4
33         4
37         4
40         3
44         4
47         3
51         4
54         3
58         4
61         3
64         3
67         3
70         3
73         3
77         4
80         3
83         3
86         3
89         3
92         3
94         2
97         3
100         3
103         3
106         3
109         3
111         2
114         3
117         3
120         3
123         3
125         2
128         3
131         3
133         2
136         3
139         3
141         2
144         3
146         2
149         3
152         3
154         2
157         3
159         2
162         3
164         2
167         3
169         2
172         3
174         2
177         3
179         2
182         3
184         2
187         3
189         2
192         3
194         2
197         3
199         2
201         2
204         3
206         2
209         3
211         2
213         2
216         3
218         2
220         2
223         3
225         2
227         2
230         3
232         2
234         2
237         3
239         2
241         2
244         3
246         2
248         2
250         2
253         3
255         2
257         2
260         3
262         2
264         2
266         2
269         3
271         2
273         2
275         2
277         2
280         3
282         2
284         2
286         2
288         2
291         3
293         2
295         2
297         2
299         2
302         3
304         2
306         2
308         2
310         2
312         2
315         3
317         2
319         2
321         2
323         2
325         2
327         2
330         3
332         2
334         2
336         2
338         2
340         2
342         2
344         2
346         2
349         3
351         2
353         2
355         2
357         2
359         2
361         2
363         2
365         2
367         2
369         2
371         2
373         2
376         3
378         2
380         2
382         2
384         2
386         2
388         2
390         2
392         2
394         2
396         2
398         2
400         2
402         2
404         2
406         2
408         2
410         2
412         2
414         2
416         2
418         2
420         2
422         2
424         2
426         2
428         2
430         2
432         2
434         2
436         2
438         2
440         2
442         2
444         2
446         2
448         2
450         2
452         2
454         2
456         2
458         2
460         2
462         2
464         2
466         2
467         1
469         2
471         2
473         2
475         2
477         2
479         2
481         2
483         2
485         2
487         2
489         2
491         2
493         2
495         2
496         1
498         2
500         2
502         2
504         2
506         2
508         2
510         2
512         2
514         2
516         2
517         1
519         2
521         2
523         2
525         2
527         2
529         2
531         2
533         2
535         2
536         1
538         2
540         2
542         2
544         2
546         2
548         2
550         2
551         1
553         2
555         2
557         2
559         2
561         2
563         2
564         1
566         2
568         2
570         2
572         2
574         2
576         2
577         1
579         2
581         2
583         2
585         2
587         2
588         1
590         2
592         2
594         2
596         2
598         2
599         1
601         2
603         2
605         2
607         2
609         2
610         1
612         2
614         2
616         2
618         2
620         2
621         1
623         2
625         2
627         2
629         2
630         1
632         2
634         2
636         2
638         2
639         1
641         2
643         2
645         2
647         2
648         1
650         2
652         2
654         2
656         2
657         1
659         2
661         2
663         2
665         2
666         1
668         2
670         2
672         2
673         1
675         2
677         2
679         2
681         2
682         1
684         2
686         2
688         2
689         1
691         2
693         2
695         2
696         1
698         2
700         2
702         2
703         1
705         2
707         2
709         2
711         2
712         1
714         2
716         2
718         2
719         1
721         2
723         2
725         2
726         1
728         2
730         2
731         1
733         2
735         2
737         2
738         1
740         2
742         2
744         2
745         1
747         2
749         2
751         2
752         1
754         2
756         2
758         2
759         1
761         2
763         2
764         1
766         2
768         2
770         2
771         1
773         2
775         2
776         1
778         2
780         2
782         2
783         1
785         2
787         2
788         1
790         2
792         2
794         2
795         1
797         2
799         2
800         1
802         2
804         2
805         1
807         2
809         2
811         2
812         1
814         2
816         2
817         1
819         2
821         2
822         1
824         2
826         2
827         1
829         2
831         2
833         2
834         1
836         2
838         2
839         1
841         2
843         2
844         1
846         2
848         2
849         1
851         2
853         2
854         1
856         2
858         2
859         1
861         2
863         2
864         1
866         2
868         2
869         1
871         2
873         2
874         1
876         2
878         2
879         1
881         2
883         2
884         1
886         2
888         2
889         1
891         2
893         2
894         1
896         2
898         2
899         1
901         2
903         2
904         1
906         2
908         2
909         1
911         2
913         2
914         1
916         2
918         2
919         1
921         2
922         1
924         2
926         2
927         1
929         2
931         2
932         1
934         2
936         2
937         1
939         2
940         1
942         2
944         2
945         1
947         2
949         2
950         1
952         2
954         2
955         1
957         2
958         1
960         2
962         2
963         1
965         2
967         2
968         1
970         2
971         1
973         2
975         2
976         1
978         2
980         2
981         1
983         2
984         1
986         2
988         2
989         1
991         2
992         1
994         2
996         2
997         1
999         2
1001         2
1002         1
1004         2
1005         1
1007         2
1009         2
1010         1
1012         2
1013         1
1015         2
1017         2
1018         1
1020         2
1021         1
1023         2
