0         0
6         6
10         4
14         4
18         4
22         4
25         3
29         4
32         3
35         3
39         4
42         3
45         3
48         3
51         3
54         3
57         3
60         3
63         3
66         3
69         3
72         3
74         2
77         3
80         3
83         3
86         3
88         2
91         3
94         3
96         2
99         3
102         3
104         2
107         3
110         3
112         2
115         3
117         2
120         3
122         2
125         3
128         3
130         2
133         3
135         2
138         3
140         2
143         3
145         2
147         2
150         3
152         2
155         3
157         2
160         3
162         2
164         2
167         3
169         2
172         3
174         2
176         2
179         3
181         2
183         2
186         3
188         2
191         3
193         2
195         2
198         3
200         2
202         2
204         2
207         3
209         2
211         2
214         3
216         2
218         2
220         2
223         3
225         2
227         2
229         2
232         3
234         2
236         2
238         2
241         3
243         2
245         2
247         2
250         3
252         2
254         2
256         2
258         2
261         3
263         2
265         2
267         2
269         2
271         2
274         3
276         2
278         2
280         2
282         2
284         2
287         3
289         2
291         2
293         2
295         2
297         2
299         2
302         3
304         2
306         2
308         2
310         2
312         2
314         2
316         2
319         3
321         2
323         2
325         2
327         2
329         2
331         2
333         2
335         2
337         2
339         2
342         3
344         2
346         2
348         2
350         2
352         2
354         2
356         2
358         2
360         2
362         2
364         2
366         2
368         2
370         2
372         2
374         2
377         3
379         2
381         2
383         2
385         2
387         2
389         2
391         2
393         2
395         2
397         2
399         2
401         2
403         2
405         2
407         2
409         2
411         2
413         2
415         2
417         2
419         2
421         2
423         2
425         2
427         2
429         2
431         2
433         2
435         2
437         2
439         2
441         2
443         2
445         2
447         2
449         2
451         2
452         1
454         2
456         2
458         2
460         2
462         2
464         2
466         2
468         2
470         2
472         2
474         2
476         2
478         2
480         2
482         2
484         2
486         2
488         2
490         2
491         1
493         2
495         2
497         2
499         2
501         2
503         2
505         2
507         2
509         2
511         2
513         2
515         2
516         1
518         2
520         2
522         2
524         2
526         2
528         2
530         2
532         2
534         2
535         1
537         2
539         2
541         2
543         2
545         2
547         2
549         2
551         2
553         2
554         1
556         2
558         2
560         2
562         2
564         2
566         2
568         2
569         1
571         2
573         2
575         2
577         2
579         2
581         2
583         2
584         1
586         2
588         2
590         2
592         2
594         2
596         2
597         1
599         2
601         2
603         2
605         2
607         2
609         2
610         1
612         2
614         2
616         2
618         2
620         2
622         2
623         1
625         2
627         2
629         2
631         2
633         2
634         1
636         2
638         2
640         2
642         2
644         2
645         1
647         2
649         2
651         2
653         2
655         2
656         1
658         2
660         2
662         2
664         2
665         1
667         2
669         2
671         2
673         2
675         2
676         1
678         2
680         2
682         2
684         2
685         1
687         2
689         2
691         2
693         2
694         1
696         2
698         2
700         2
702         2
703         1
705         2
707         2
709         2
711         2
712         1
714         2
716         2
718         2
720         2
721         1
723         2
725         2
727         2
728         1
730         2
732         2
734         2
736         2
737         1
739         2
741         2
743         2
745         2
746         1
748         2
750         2
752         2
753         1
755         2
757         2
759         2
760         1
762         2
764         2
766         2
768         2
769         1
771         2
773         2
775         2
776         1
778         2
780         2
782         2
783         1
785         2
787         2
789         2
790         1
792         2
794         2
796         2
797         1
799         2
801         2
803         2
804         1
806         2
808         2
810         2
811         1
813         2
815         2
817         2
818         1
820         2
822         2
824         2
825         1
827         2
829         2
831         2
832         1
834         2
836         2
838         2
839         1
841         2
843         2
845         2
846         1
848         2
850         2
851         1
853         2
855         2
857         2
858         1
860         2
862         2
864         2
865         1
867         2
869         2
870         1
872         2
874         2
876         2
877         1
879         2
881         2
883         2
884         1
886         2
888         2
889         1
891         2
893         2
895         2
896         1
898         2
900         2
901         1
903         2
905         2
907         2
908         1
910         2
912         2
913         1
915         2
917         2
918         1
920         2
922         2
924         2
925         1
927         2
929         2
930         1
932         2
934         2
935         1
937         2
939         2
941         2
942         1
944         2
946         2
947         1
949         2
951         2
952         1
954         2
956         2
958         2
959         1
961         2
963         2
964         1
966         2
968         2
969         1
971         2
973         2
974         1
976         2
978         2
979         1
981         2
983         2
984         1
986         2
988         2
990         2
991         1
993         2
995         2
996         1
998         2
1000         2
1001         1
1003         2
1005         2
1006         1
1008         2
1010         2
1011         1
1013         2
1015         2
1016         1
1018         2
1020         2
1021         1
1023         2
