0         0
1         1
3         2
4         1
6         2
7         1
8         1
10         2
11         1
12         1
14         2
15         1
17         2
18         1
19         1
21         2
22         1
23         1
25         2
26         1
28         2
29         1
30         1
32         2
33         1
34         1
36         2
37         1
39         2
40         1
41         1
43         2
44         1
46         2
47         1
49         2
50         1
52         2
53         1
55         2
56         1
58         2
59         1
61         2
62         1
64         2
65         1
67         2
68         1
70         2
71         1
73         2
74         1
76         2
77         1
79         2
80         1
82         2
83         1
85         2
86         1
88         2
89         1
91         2
92         1
94         2
95         1
97         2
99         2
100         1
102         2
103         1
105         2
107         2
108         1
110         2
112         2
113         1
115         2
116         1
118         2
120         2
121         1
123         2
125         2
126         1
128         2
129         1
131         2
133         2
134         1
136         2
138         2
139         1
141         2
142         1
144         2
146         2
148         2
149         1
151         2
153         2
155         2
156         1
158         2
160         2
162         2
163         1
165         2
167         2
169         2
170         1
172         2
174         2
176         2
177         1
179         2
181         2
183         2
184         1
186         2
188         2
190         2
191         1
193         2
195         2
197         2
198         1
200         2
202         2
204         2
206         2
209         3
211         2
213         2
215         2
217         2
219         2
221         2
223         2
226         3
228         2
230         2
232         2
234         2
236         2
238         2
240         2
243         3
245         2
247         2
249         2
251         2
253         2
255         2
257         2
260         3
262         2
264         2
266         2
268         2
270         2
273         3
275         2
277         2
279         2
282         3
284         2
286         2
288         2
291         3
293         2
295         2
297         2
300         3
302         2
304         2
306         2
309         3
311         2
313         2
315         2
318         3
320         2
322         2
324         2
327         3
329         2
331         2
333         2
336         3
338         2
340         2
343         3
345         2
348         3
350         2
353         3
355         2
358         3
360         2
363         3
365         2
368         3
370         2
373         3
375         2
378         3
380         2
383         3
385         2
388         3
390         2
393         3
395         2
398         3
400         2
403         3
405         2
408         3
410         2
413         3
415         2
418         3
420         2
423         3
426         3
429         3
432         3
434         2
437         3
440         3
443         3
446         3
449         3
452         3
455         3
457         2
460         3
463         3
466         3
469         3
472         3
475         3
478         3
480         2
483         3
486         3
489         3
492         3
495         3
498         3
501         3
503         2
506         3
509         3
512         3
515         3
518         3
520         2
523         3
526         3
529         3
531         2
534         3
537         3
540         3
542         2
545         3
548         3
551         3
553         2
556         3
559         3
562         3
564         2
567         3
570         3
573         3
575         2
578         3
581         3
584         3
586         2
589         3
592         3
595         3
597         2
600         3
603         3
605         2
608         3
610         2
613         3
615         2
618         3
620         2
623         3
625         2
628         3
630         2
633         3
635         2
638         3
640         2
643         3
645         2
648         3
650         2
653         3
655         2
658         3
660         2
663         3
665         2
668         3
670         2
673         3
675         2
678         3
680         2
682         2
685         3
687         2
689         2
691         2
694         3
696         2
698         2
700         2
703         3
705         2
707         2
709         2
712         3
714         2
716         2
718         2
721         3
723         2
725         2
727         2
730         3
732         2
734         2
736         2
739         3
741         2
743         2
745         2
748         3
750         2
752         2
754         2
756         2
758         2
761         3
763         2
765         2
767         2
769         2
771         2
773         2
775         2
778         3
780         2
782         2
784         2
786         2
788         2
790         2
792         2
795         3
797         2
799         2
801         2
803         2
805         2
807         2
809         2
812         3
814         2
816         2
818         2
820         2
821         1
823         2
824         1
826         2
827         1
828         1
830         2
831         1
832         1
834         2
835         1
837         2
838         1
839         1
841         2
842         1
843         1
845         2
846         1
848         2
849         1
850         1
852         2
853         1
854         1
856         2
857         1
859         2
860         1
861         1
863         2
864         1
866         2
868         2
870         2
872         2
874         2
876         2
878         2
880         2
882         2
884         2
886         2
888         2
890         2
892         2
894         2
896         2
898         2
900         2
902         2
904         2
906         2
908         2
910         2
912         2
914         2
916         2
918         2
920         2
922         2
924         2
926         2
928         2
930         2
931         1
933         2
934         1
936         2
937         1
939         2
940         1
942         2
943         1
945         2
946         1
948         2
949         1
951         2
952         1
954         2
955         1
957         2
958         1
960         2
961         1
963         2
964         1
966         2
967         1
969         2
970         1
972         2
973         1
975         2
976         1
978         2
979         1
981         2
982         1
984         2
985         1
987         2
988         1
990         2
991         1
993         2
994         1
996         2
997         1
999         2
1000         1
1002         2
1003         1
1005         2
1006         1
1008         2
1009         1
1011         2
1012         1
1014         2
1015         1
1017         2
1018         1
1020         2
1021         1
1023         2
