0         0
0         0
1         1
1         0
2         1
2         0
3         1
3         0
4         1
5         1
5         0
6         1
7         1
8         1
8         0
9         1
10         1
11         1
12         1
13         1
14         1
15         1
15         0
16         1
17         1
18         1
19         1
20         1
21         1
22         1
23         1
24         1
25         1
27         2
28         1
29         1
30         1
31         1
32         1
33         1
34         1
35         1
37         2
38         1
39         1
40         1
41         1
42         1
44         2
45         1
46         1
47         1
49         2
50         1
51         1
52         1
54         2
55         1
56         1
58         2
59         1
60         1
61         1
63         2
64         1
65         1
67         2
68         1
70         2
71         1
72         1
74         2
75         1
76         1
78         2
79         1
81         2
82         1
83         1
85         2
86         1
88         2
89         1
91         2
92         1
94         2
95         1
97         2
98         1
100         2
101         1
102         1
104         2
106         2
107         1
109         2
110         1
112         2
113         1
115         2
116         1
118         2
119         1
121         2
122         1
124         2
126         2
127         1
129         2
130         1
132         2
134         2
135         1
137         2
138         1
140         2
142         2
143         1
145         2
147         2
148         1
150         2
152         2
153         1
155         2
157         2
158         1
160         2
162         2
163         1
165         2
167         2
168         1
170         2
172         2
173         1
175         2
177         2
179         2
180         1
182         2
184         2
186         2
187         1
189         2
191         2
193         2
194         1
196         2
198         2
200         2
201         1
203         2
205         2
207         2
208         1
210         2
212         2
214         2
216         2
218         2
219         1
221         2
223         2
225         2
227         2
228         1
230         2
232         2
234         2
236         2
238         2
240         2
241         1
243         2
245         2
247         2
249         2
251         2
253         2
254         1
256         2
258         2
260         2
262         2
264         2
266         2
268         2
270         2
272         2
274         2
275         1
277         2
279         2
281         2
283         2
285         2
287         2
289         2
291         2
293         2
295         2
297         2
299         2
301         2
303         2
305         2
307         2
309         2
311         2
313         2
315         2
317         2
319         2
321         2
323         2
325         2
327         2
329         2
331         2
333         2
335         2
337         2
339         2
341         2
343         2
345         2
347         2
349         2
351         2
353         2
355         2
357         2
359         2
361         2
363         2
365         2
367         2
369         2
371         2
373         2
376         3
378         2
380         2
382         2
384         2
386         2
388         2
390         2
392         2
394         2
396         2
399         3
401         2
403         2
405         2
407         2
409         2
411         2
413         2
416         3
418         2
420         2
422         2
424         2
426         2
428         2
431         3
433         2
435         2
437         2
439         2
441         2
443         2
446         3
448         2
450         2
452         2
454         2
457         3
459         2
461         2
463         2
465         2
467         2
470         3
472         2
474         2
476         2
478         2
481         3
483         2
485         2
487         2
490         3
492         2
494         2
496         2
498         2
501         3
503         2
505         2
507         2
510         3
512         2
514         2
516         2
519         3
521         2
523         2
525         2
528         3
530         2
532         2
534         2
537         3
539         2
541         2
544         3
546         2
548         2
550         2
553         3
555         2
557         2
560         3
562         2
564         2
566         2
569         3
571         2
573         2
576         3
578         2
580         2
583         3
585         2
587         2
590         3
592         2
594         2
597         3
599         2
601         2
604         3
606         2
608         2
611         3
613         2
615         2
618         3
620         2
622         2
625         3
627         2
629         2
632         3
634         2
637         3
639         2
641         2
644         3
646         2
648         2
651         3
653         2
656         3
658         2
660         2
663         3
665         2
668         3
670         2
672         2
675         3
677         2
680         3
682         2
684         2
687         3
689         2
692         3
694         2
696         2
699         3
701         2
704         3
706         2
709         3
711         2
714         3
716         2
718         2
721         3
723         2
726         3
728         2
731         3
733         2
736         3
738         2
740         2
743         3
745         2
748         3
750         2
753         3
755         2
758         3
760         2
763         3
765         2
768         3
770         2
773         3
775         2
778         3
780         2
783         3
785         2
788         3
790         2
793         3
795         2
798         3
800         2
803         3
805         2
808         3
810         2
813         3
815         2
818         3
820         2
823         3
825         2
828         3
830         2
833         3
835         2
838         3
841         3
843         2
846         3
848         2
851         3
853         2
856         3
858         2
861         3
864         3
866         2
869         3
871         2
874         3
876         2
879         3
881         2
884         3
887         3
889         2
892         3
894         2
897         3
900         3
902         2
905         3
907         2
910         3
912         2
915         3
918         3
920         2
923         3
925         2
928         3
931         3
933         2
936         3
938         2
941         3
944         3
946         2
949         3
952         3
954         2
957         3
959         2
962         3
965         3
967         2
970         3
973         3
975         2
978         3
981         3
983         2
986         3
988         2
991         3
994         3
996         2
999         3
1002         3
1004         2
1007         3
1010         3
1012         2
1015         3
1018         3
1020         2
1023         3
