0         0
4         4
7         3
10         3
12         2
15         3
18         3
21         3
23         2
26         3
29         3
31         2
34         3
36         2
39         3
41         2
44         3
46         2
49         3
51         2
54         3
56         2
59         3
61         2
63         2
66         3
68         2
71         3
73         2
75         2
78         3
80         2
82         2
85         3
87         2
89         2
92         3
94         2
96         2
99         3
101         2
103         2
106         3
108         2
110         2
112         2
115         3
117         2
119         2
121         2
124         3
126         2
128         2
130         2
133         3
135         2
137         2
139         2
142         3
144         2
146         2
148         2
150         2
153         3
155         2
157         2
159         2
161         2
164         3
166         2
168         2
170         2
172         2
174         2
177         3
179         2
181         2
183         2
185         2
187         2
190         3
192         2
194         2
196         2
198         2
200         2
202         2
205         3
207         2
209         2
211         2
213         2
215         2
217         2
219         2
222         3
224         2
226         2
228         2
230         2
232         2
234         2
236         2
239         3
241         2
243         2
245         2
247         2
249         2
251         2
253         2
255         2
257         2
259         2
262         3
264         2
266         2
268         2
270         2
272         2
274         2
276         2
278         2
280         2
282         2
284         2
286         2
289         3
291         2
293         2
295         2
297         2
299         2
301         2
303         2
305         2
307         2
309         2
311         2
313         2
315         2
317         2
319         2
321         2
323         2
326         3
328         2
330         2
332         2
334         2
336         2
338         2
340         2
342         2
344         2
346         2
348         2
350         2
352         2
354         2
356         2
358         2
360         2
362         2
364         2
366         2
368         2
370         2
372         2
374         2
376         2
378         2
380         2
382         2
384         2
386         2
388         2
390         2
392         2
394         2
396         2
398         2
400         2
402         2
404         2
406         2
408         2
410         2
412         2
414         2
416         2
418         2
420         2
422         2
424         2
426         2
428         2
430         2
432         2
434         2
436         2
438         2
440         2
442         2
444         2
446         2
448         2
450         2
452         2
454         2
456         2
458         2
460         2
462         2
464         2
466         2
468         2
470         2
472         2
474         2
475         1
477         2
479         2
481         2
483         2
485         2
487         2
489         2
491         2
493         2
495         2
497         2
499         2
501         2
503         2
505         2
507         2
509         2
511         2
513         2
515         2
517         2
519         2
520         1
522         2
524         2
526         2
528         2
530         2
532         2
534         2
536         2
538         2
540         2
542         2
544         2
546         2
548         2
550         2
552         2
553         1
555         2
557         2
559         2
561         2
563         2
565         2
567         2
569         2
571         2
573         2
575         2
577         2
579         2
581         2
582         1
584         2
586         2
588         2
590         2
592         2
594         2
596         2
598         2
600         2
602         2
604         2
605         1
607         2
609         2
611         2
613         2
615         2
617         2
619         2
621         2
623         2
625         2
627         2
628         1
630         2
632         2
634         2
636         2
638         2
640         2
642         2
644         2
646         2
648         2
649         1
651         2
653         2
655         2
657         2
659         2
661         2
663         2
665         2
667         2
668         1
670         2
672         2
674         2
676         2
678         2
680         2
682         2
684         2
686         2
687         1
689         2
691         2
693         2
695         2
697         2
699         2
701         2
703         2
704         1
706         2
708         2
710         2
712         2
714         2
716         2
718         2
720         2
721         1
723         2
725         2
727         2
729         2
731         2
733         2
735         2
737         2
738         1
740         2
742         2
744         2
746         2
748         2
750         2
752         2
753         1
755         2
757         2
759         2
761         2
763         2
765         2
767         2
768         1
770         2
772         2
774         2
776         2
778         2
780         2
782         2
783         1
785         2
787         2
789         2
791         2
793         2
795         2
796         1
798         2
800         2
802         2
804         2
806         2
808         2
810         2
811         1
813         2
815         2
817         2
819         2
821         2
823         2
824         1
826         2
828         2
830         2
832         2
834         2
836         2
837         1
839         2
841         2
843         2
845         2
847         2
849         2
850         1
852         2
854         2
856         2
858         2
860         2
862         2
863         1
865         2
867         2
869         2
871         2
873         2
874         1
876         2
878         2
880         2
882         2
884         2
886         2
887         1
889         2
891         2
893         2
895         2
897         2
898         1
900         2
902         2
904         2
906         2
908         2
910         2
911         1
913         2
915         2
917         2
919         2
921         2
922         1
924         2
926         2
928         2
930         2
932         2
933         1
935         2
937         2
939         2
941         2
943         2
944         1
946         2
948         2
950         2
952         2
954         2
955         1
957         2
959         2
961         2
963         2
965         2
966         1
968         2
970         2
972         2
974         2
976         2
977         1
979         2
981         2
983         2
985         2
987         2
988         1
990         2
992         2
994         2
996         2
997         1
999         2
1001         2
1003         2
1005         2
1007         2
1008         1
1010         2
1012         2
1014         2
1016         2
1018         2
1019         1
1021         2
1023         2
