0         0
3         3
5         2
8         3
10         2
12         2
15         3
17         2
20         3
22         2
24         2
26         2
29         3
31         2
33         2
36         3
38         2
40         2
42         2
44         2
47         3
49         2
51         2
53         2
56         3
58         2
60         2
62         2
64         2
67         3
69         2
71         2
73         2
75         2
77         2
80         3
82         2
84         2
86         2
88         2
90         2
93         3
95         2
97         2
99         2
101         2
103         2
105         2
108         3
110         2
112         2
114         2
116         2
118         2
120         2
122         2
125         3
127         2
129         2
131         2
133         2
135         2
137         2
139         2
141         2
144         3
146         2
148         2
150         2
152         2
154         2
156         2
158         2
160         2
162         2
165         3
167         2
169         2
171         2
173         2
175         2
177         2
179         2
181         2
183         2
185         2
187         2
189         2
192         3
194         2
196         2
198         2
200         2
202         2
204         2
206         2
208         2
210         2
212         2
214         2
216         2
218         2
220         2
223         3
225         2
227         2
229         2
231         2
233         2
235         2
237         2
239         2
241         2
243         2
245         2
247         2
249         2
251         2
253         2
255         2
257         2
259         2
261         2
264         3
266         2
268         2
270         2
272         2
274         2
276         2
278         2
280         2
282         2
284         2
286         2
288         2
290         2
292         2
294         2
296         2
298         2
300         2
302         2
304         2
306         2
308         2
310         2
312         2
314         2
316         2
318         2
320         2
322         2
324         2
326         2
328         2
330         2
332         2
334         2
337         3
339         2
341         2
343         2
345         2
347         2
349         2
351         2
353         2
355         2
357         2
359         2
361         2
363         2
365         2
367         2
369         2
371         2
373         2
375         2
377         2
379         2
381         2
383         2
385         2
387         2
389         2
391         2
393         2
395         2
397         2
399         2
401         2
403         2
405         2
407         2
409         2
411         2
413         2
415         2
417         2
419         2
421         2
423         2
425         2
427         2
429         2
431         2
433         2
435         2
437         2
439         2
441         2
443         2
445         2
447         2
449         2
451         2
453         2
454         1
456         2
458         2
460         2
462         2
464         2
466         2
468         2
470         2
472         2
474         2
476         2
478         2
480         2
482         2
484         2
486         2
488         2
490         2
492         2
494         2
496         2
498         2
500         2
502         2
504         2
506         2
508         2
510         2
512         2
514         2
516         2
518         2
520         2
522         2
524         2
526         2
528         2
530         2
532         2
534         2
536         2
538         2
539         1
541         2
543         2
545         2
547         2
549         2
551         2
553         2
555         2
557         2
559         2
561         2
563         2
565         2
567         2
569         2
571         2
573         2
575         2
577         2
579         2
581         2
583         2
585         2
587         2
589         2
591         2
593         2
594         1
596         2
598         2
600         2
602         2
604         2
606         2
608         2
610         2
612         2
614         2
616         2
618         2
620         2
622         2
624         2
626         2
628         2
630         2
632         2
634         2
636         2
638         2
639         1
641         2
643         2
645         2
647         2
649         2
651         2
653         2
655         2
657         2
659         2
661         2
663         2
665         2
667         2
669         2
671         2
673         2
675         2
676         1
678         2
680         2
682         2
684         2
686         2
688         2
690         2
692         2
694         2
696         2
698         2
700         2
702         2
704         2
706         2
708         2
710         2
711         1
713         2
715         2
717         2
719         2
721         2
723         2
725         2
727         2
729         2
731         2
733         2
735         2
737         2
739         2
741         2
743         2
744         1
746         2
748         2
750         2
752         2
754         2
756         2
758         2
760         2
762         2
764         2
766         2
768         2
770         2
772         2
773         1
775         2
777         2
779         2
781         2
783         2
785         2
787         2
789         2
791         2
793         2
795         2
797         2
799         2
801         2
802         1
804         2
806         2
808         2
810         2
812         2
814         2
816         2
818         2
820         2
822         2
824         2
826         2
828         2
829         1
831         2
833         2
835         2
837         2
839         2
841         2
843         2
845         2
847         2
849         2
851         2
853         2
854         1
856         2
858         2
860         2
862         2
864         2
866         2
868         2
870         2
872         2
874         2
876         2
878         2
879         1
881         2
883         2
885         2
887         2
889         2
891         2
893         2
895         2
897         2
899         2
901         2
903         2
904         1
906         2
908         2
910         2
912         2
914         2
916         2
918         2
920         2
922         2
924         2
926         2
927         1
929         2
931         2
933         2
935         2
937         2
939         2
941         2
943         2
945         2
947         2
949         2
950         1
952         2
954         2
956         2
958         2
960         2
962         2
964         2
966         2
968         2
970         2
971         1
973         2
975         2
977         2
979         2
981         2
983         2
985         2
987         2
989         2
991         2
992         1
994         2
996         2
998         2
1000         2
1002         2
1004         2
1006         2
1008         2
1010         2
1012         2
1013         1
1015         2
1017         2
1019         2
1021         2
1023         2
