0         0
15         15
29         14
43         14
57         14
68         11
78         10
90         12
102         12
114         12
125         11
134         9
142         8
150         8
158         8
166         8
174         8
182         8
189         7
197         8
204         7
212         8
219         7
227         8
234         7
242         8
249         7
256         7
263         7
269         6
275         6
281         6
287         6
293         6
298         5
306         8
313         7
319         6
324         5
331         7
338         7
344         6
349         5
355         6
360         5
364         4
368         4
374         6
379         5
385         6
390         5
396         6
401         5
408         7
414         6
418         4
422         4
426         4
430         4
434         4
438         4
445         7
452         7
456         4
459         3
465         6
470         5
474         4
478         4
485         7
491         6
494         3
496         2
500         4
503         3
507         4
510         3
516         6
521         5
523         2
525         2
531         6
537         6
542         5
547         5
549         2
551         2
557         6
562         5
566         4
569         3
573         4
576         3
578         2
580         2
585         5
590         5
592         2
594         2
598         4
602         4
604         2
606         2
612         6
617         5
619         2
621         2
623         2
625         2
630         5
635         5
637         2
639         2
641         2
643         2
645         2
647         2
651         4
654         3
658         4
662         4
664         2
666         2
668         2
669         1
671         2
673         2
675         2
677         2
679         2
681         2
686         5
691         5
693         2
695         2
697         2
699         2
701         2
702         1
704         2
706         2
708         2
710         2
712         2
714         2
716         2
718         2
722         4
725         3
727         2
729         2
731         2
733         2
735         2
737         2
739         2
740         1
742         2
744         2
745         1
746         1
748         2
750         2
752         2
753         1
755         2
757         2
759         2
761         2
763         2
765         2
767         2
768         1
770         2
772         2
773         1
773         0
775         2
776         1
778         2
780         2
782         2
784         2
786         2
787         1
789         2
791         2
792         1
792         0
794         2
795         1
797         2
799         2
800         1
800         0
802         2
803         1
805         2
807         2
808         1
808         0
808         0
808         0
810         2
812         2
813         1
813         0
815         2
816         1
818         2
820         2
821         1
821         0
823         2
824         1
826         2
828         2
828         0
828         0
830         2
832         2
834         2
836         2
836         0
836         0
838         2
840         2
842         2
843         1
844         1
844         0
847         3
849         2
851         2
852         1
853         1
853         0
855         2
856         1
858         2
860         2
860         0
860         0
861         1
861         0
862         1
862         0
864         2
865         1
866         1
866         0
868         2
869         1
870         1
870         0
872         2
873         1
875         2
877         2
877         0
877         0
879         2
881         2
882         1
882         0
884         2
885         1
886         1
886         0
888         2
889         1
890         1
890         0
892         2
893         1
894         1
894         0
894         0
894         0
896         2
898         2
898         0
898         0
900         2
902         2
902         0
902         0
904         2
906         2
906         0
906         0
908         2
910         2
910         0
910         0
912         2
914         2
914         0
914         0
914         0
914         0
914         0
914         0
915         1
915         0
917         2
918         1
919         1
919         0
921         2
922         1
923         1
923         0
923         0
923         0
925         2
927         2
927         0
927         0
928         1
928         0
928         0
928         0
930         2
932         2
932         0
932         0
932         0
932         0
935         3
937         2
937         0
937         0
938         1
938         0
940         2
941         1
942         1
942         0
942         0
942         0
942         0
942         0
942         0
942         0
944         2
946         2
946         0
946         0
947         1
947         0
949         2
950         1
950         0
950         0
951         1
951         0
953         2
954         1
955         1
955         0
955         0
955         0
956         1
956         0
956         0
956         0
956         0
956         0
957         1
957         0
959         2
960         1
961         1
961         0
963         2
964         1
965         1
965         0
965         0
965         0
965         0
965         0
967         2
969         2
969         0
969         0
970         1
970         0
970         0
970         0
970         0
970         0
970         0
970         0
970         0
970         0
972         2
974         2
974         0
974         0
975         1
975         0
977         2
978         1
978         0
978         0
979         1
979         0
979         0
979         0
981         2
983         2
983         0
983         0
983         0
983         0
984         1
984         0
984         0
984         0
985         1
985         0
985         0
985         0
985         0
985         0
987         2
989         2
989         0
989         0
990         1
990         0
990         0
990         0
992         2
993         1
994         1
994         0
994         0
994         0
995         1
995         0
995         0
995         0
997         2
998         1
999         1
999         0
999         0
999         0
999         0
999         0
1000         1
1000         0
1000         0
1000         0
1001         1
1001         0
1001         0
1001         0
1003         2
1004         1
1005         1
1005         0
1005         0
1005         0
1005         0
1005         0
1007         2
1009         2
1009         0
1009         0
1009         0
1009         0
1009         0
1009         0
1009         0
1009         0
1011         2
1013         2
1013         0
1013         0
1013         0
1013         0
1014         1
1014         0
1014         0
1014         0
1014         0
1014         0
1014         0
1014         0
1014         0
1014         0
1015         1
1015         0
1015         0
1015         0
1017         2
1018         1
1019         1
1019         0
1019         0
1019         0
1019         0
1019         0
1020         1
1020         0
1020         0
1020         0
1020         0
