0         0
35         35
70         35
88         18
106         18
119         13
131         12
143         12
155         12
165         10
174         9
184         10
193         9
201         8
209         8
217         8
225         8
232         7
238         6
245         7
252         7
259         7
266         7
272         6
277         5
284         7
290         6
296         6
302         6
308         6
314         6
320         6
326         6
331         5
335         4
341         6
346         5
351         5
356         5
362         6
367         5
371         4
374         3
379         5
384         5
388         4
392         4
397         5
402         5
406         4
409         3
414         5
418         4
423         5
427         4
431         4
435         4
438         3
441         3
446         5
451         5
456         5
460         4
463         3
466         3
471         5
475         4
478         3
481         3
486         5
490         4
493         3
496         3
499         3
502         3
505         3
507         2
511         4
514         3
516         2
518         2
524         6
530         6
534         4
538         4
540         2
542         2
546         4
549         3
552         3
554         2
557         3
560         3
562         2
564         2
568         4
571         3
573         2
575         2
578         3
581         3
584         3
587         3
591         4
594         3
596         2
598         2
600         2
602         2
606         4
610         4
612         2
614         2
616         2
618         2
620         2
622         2
625         3
627         2
630         3
633         3
635         2
637         2
638         1
638         0
640         2
642         2
644         2
646         2
648         2
650         2
654         4
658         4
660         2
662         2
664         2
666         2
667         1
667         0
669         2
671         2
673         2
675         2
677         2
679         2
681         2
683         2
685         2
686         1
688         2
690         2
692         2
694         2
696         2
698         2
699         1
700         1
702         2
704         2
707         3
709         2
711         2
713         2
714         1
714         0
716         2
718         2
720         2
722         2
724         2
726         2
727         1
728         1
730         2
732         2
733         1
734         1
735         1
736         1
738         2
740         2
742         2
744         2
745         1
746         1
748         2
750         2
751         1
752         1
753         1
754         1
756         2
758         2
759         1
760         1
761         1
762         1
764         2
766         2
767         1
768         1
768         0
768         0
770         2
772         2
773         1
774         1
775         1
776         1
778         2
780         2
781         1
782         1
783         1
784         1
786         2
788         2
788         0
788         0
790         2
792         2
794         2
796         2
796         0
796         0
798         2
800         2
801         1
802         1
803         1
804         1
807         3
810         3
811         1
812         1
813         1
814         1
815         1
816         1
818         2
820         2
820         0
820         0
821         1
822         1
824         2
825         1
826         1
826         0
828         2
829         1
830         1
830         0
832         2
833         1
834         1
834         0
836         2
838         2
838         0
838         0
840         2
842         2
844         2
845         1
846         1
846         0
848         2
849         1
850         1
850         0
852         2
853         1
854         1
854         0
856         2
857         1
857         0
857         0
859         2
861         2
861         0
861         0
863         2
865         2
865         0
865         0
867         2
869         2
869         0
869         0
871         2
873         2
873         0
873         0
875         2
877         2
877         0
877         0
878         1
879         1
879         0
879         0
881         2
882         1
883         1
883         0
885         2
886         1
887         1
887         0
889         2
890         1
890         0
890         0
892         2
894         2
894         0
894         0
895         1
896         1
896         0
896         0
898         2
900         2
900         0
900         0
900         0
900         0
903         3
906         3
906         0
906         0
908         2
909         1
910         1
910         0
912         2
913         1
913         0
913         0
914         1
915         1
915         0
915         0
917         2
919         2
919         0
919         0
921         2
922         1
923         1
923         0
923         0
923         0
925         2
926         1
927         1
927         0
929         2
930         1
930         0
930         0
931         1
932         1
932         0
932         0
932         0
932         0
933         1
934         1
935         1
936         1
937         1
938         1
939         1
940         1
941         1
942         1
942         0
942         0
942         0
942         0
944         2
946         2
946         0
946         0
948         2
949         1
949         0
949         0
950         1
951         1
951         0
951         0
951         0
951         0
953         2
955         2
955         0
955         0
957         2
958         1
959         1
959         0
959         0
959         0
961         2
962         1
962         0
962         0
964         2
966         2
966         0
966         0
966         0
966         0
967         1
968         1
968         0
968         0
969         1
970         1
970         0
970         0
970         0
970         0
972         2
974         2
974         0
974         0
976         2
977         1
977         0
977         0
978         1
978         0
980         2
981         1
981         0
981         0
984         3
986         2
986         0
986         0
987         1
987         0
989         2
990         1
990         0
990         0
990         0
990         0
991         1
992         1
992         0
992         0
993         1
994         1
994         0
994         0
995         1
996         1
997         1
998         1
998         0
998         0
998         0
998         0
1000         2
1002         2
1002         0
1002         0
1002         0
1002         0
1002         0
1002         0
1002         0
1002         0
1004         2
1006         2
1006         0
1006         0
1006         0
1006         0
1008         2
1009         1
1009         0
1009         0
1009         0
1009         0
1010         1
1011         1
1011         0
1011         0
1013         2
1014         1
1014         0
1014         0
1015         1
1015         0
1017         2
1018         1
1018         0
1018         0
1018         0
1018         0
1019         1
1020         1
1020         0
1020         0
1020         0
