0         0
25         25
50         25
66         16
82         16
94         12
105         11
117         12
129         12
140         11
150         10
159         9
167         8
175         8
183         8
191         8
199         8
207         8
214         7
221         7
228         7
235         7
242         7
249         7
255         6
263         8
270         7
276         6
282         6
288         6
294         6
300         6
306         6
312         6
317         5
324         7
330         6
335         5
340         5
347         7
353         6
358         5
362         4
367         5
372         5
376         4
380         4
385         5
390         5
395         5
399         4
405         6
410         5
416         6
421         5
425         4
429         4
432         3
435         3
440         5
445         5
451         6
456         5
459         3
462         3
468         6
473         5
476         3
479         3
485         6
490         5
493         3
496         3
499         3
502         3
506         4
509         3
514         5
518         4
520         2
522         2
528         6
534         6
538         4
542         4
544         2
546         2
551         5
555         4
559         4
562         3
565         3
568         3
570         2
572         2
577         5
581         4
583         2
585         2
588         3
591         3
594         3
597         3
602         5
606         4
608         2
610         2
612         2
614         2
618         4
622         4
624         2
626         2
628         2
630         2
632         2
634         2
638         4
641         3
644         3
647         3
649         2
651         2
653         2
654         1
656         2
658         2
660         2
662         2
664         2
666         2
670         4
674         4
676         2
678         2
680         2
682         2
684         2
685         1
687         2
689         2
691         2
693         2
695         2
697         2
699         2
701         2
704         3
706         2
708         2
710         2
712         2
714         2
716         2
718         2
719         1
720         1
722         2
724         2
726         2
727         1
729         2
731         2
733         2
734         1
736         2
738         2
740         2
742         2
744         2
746         2
747         1
748         1
750         2
752         2
753         1
754         1
755         1
756         1
758         2
760         2
762         2
764         2
765         1
766         1
768         2
770         2
771         1
772         1
773         1
774         1
776         2
778         2
779         1
780         1
781         1
782         1
784         2
786         2
787         1
788         1
788         0
788         0
790         2
792         2
793         1
794         1
795         1
796         1
798         2
800         2
801         1
802         1
803         1
804         1
806         2
808         2
808         0
808         0
810         2
812         2
814         2
816         2
816         0
816         0
818         2
820         2
821         1
822         1
823         1
824         1
827         3
830         3
831         1
832         1
833         1
834         1
835         1
836         1
838         2
840         2
840         0
840         0
841         1
842         1
843         1
843         0
845         2
846         1
847         1
847         0
849         2
850         1
851         1
851         0
853         2
854         1
856         2
858         2
858         0
858         0
860         2
862         2
863         1
863         0
865         2
866         1
867         1
867         0
869         2
870         1
871         1
871         0
873         2
874         1
875         1
875         0
875         0
875         0
877         2
879         2
879         0
879         0
881         2
883         2
883         0
883         0
885         2
887         2
887         0
887         0
889         2
891         2
891         0
891         0
893         2
895         2
895         0
895         0
896         1
897         1
897         0
897         0
898         1
898         0
900         2
901         1
902         1
902         0
904         2
905         1
906         1
906         0
906         0
906         0
908         2
910         2
910         0
910         0
911         1
912         1
912         0
912         0
914         2
916         2
916         0
916         0
916         0
916         0
919         3
922         3
922         0
922         0
923         1
923         0
925         2
926         1
927         1
927         0
927         0
927         0
928         1
929         1
929         0
929         0
931         2
933         2
933         0
933         0
934         1
934         0
936         2
937         1
937         0
937         0
938         1
938         0
940         2
941         1
942         1
942         0
942         0
942         0
943         1
944         1
944         0
944         0
944         0
944         0
945         1
946         1
947         1
948         1
949         1
950         1
951         1
952         1
953         1
954         1
954         0
954         0
954         0
954         0
956         2
958         2
958         0
958         0
959         1
959         0
959         0
959         0
960         1
961         1
961         0
961         0
961         0
961         0
963         2
965         2
965         0
965         0
966         1
966         0
968         2
969         1
969         0
969         0
970         1
970         0
970         0
970         0
972         2
974         2
974         0
974         0
974         0
974         0
975         1
976         1
976         0
976         0
977         1
978         1
978         0
978         0
978         0
978         0
980         2
982         2
982         0
982         0
983         1
983         0
983         0
983         0
985         2
986         1
987         1
987         0
987         0
987         0
989         2
990         1
990         0
990         0
992         2
993         1
994         1
994         0
994         0
994         0
994         0
994         0
995         1
996         1
996         0
996         0
997         1
998         1
998         0
998         0
999         1
1000         1
1001         1
1002         1
1002         0
1002         0
1002         0
1002         0
1004         2
1006         2
1006         0
1006         0
1006         0
1006         0
1006         0
1006         0
1006         0
1006         0
1008         2
1010         2
1010         0
1010         0
1010         0
1010         0
1011         1
1011         0
1011         0
1011         0
1011         0
1011         0
1012         1
1013         1
1013         0
1013         0
1014         1
1014         0
1014         0
1014         0
1016         2
1017         1
1018         1
1018         0
1018         0
1018         0
1018         0
1018         0
1019         1
1020         1
1020         0
1020         0
1020         0
