0         0
4         4
8         4
19         11
29         10
38         9
47         9
59         12
70         11
81         11
92         11
100         8
107         7
115         8
123         8
131         8
138         7
146         8
153         7
161         8
169         8
177         8
184         7
192         8
199         7
207         8
214         7
222         8
230         8
236         6
242         6
248         6
254         6
260         6
266         6
274         8
282         8
289         7
295         6
303         8
310         7
317         7
323         6
330         7
336         6
340         4
344         4
351         7
357         6
363         6
368         5
375         7
382         7
390         8
398         8
402         4
406         4
411         5
415         4
420         5
424         4
433         9
441         8
446         5
450         4
457         7
463         6
468         5
472         4
481         9
489         8
492         3
494         2
499         5
503         4
508         5
512         4
519         7
525         6
527         2
529         2
536         7
542         6
548         6
554         6
557         3
559         2
565         6
571         6
576         5
580         4
584         4
588         4
590         2
592         2
599         7
605         6
607         2
609         2
614         5
618         4
620         2
622         2
628         6
634         6
636         2
638         2
641         3
643         2
649         6
654         5
657         3
659         2
661         2
663         2
666         3
668         2
672         4
676         4
680         4
684         4
686         2
688         2
690         2
692         2
694         2
696         2
698         2
700         2
703         3
705         2
711         6
716         5
718         2
720         2
722         2
724         2
727         3
729         2
731         2
733         2
735         2
737         2
739         2
741         2
743         2
745         2
749         4
753         4
755         2
757         2
759         2
761         2
763         2
765         2
767         2
769         2
771         2
773         2
773         0
773         0
775         2
777         2
779         2
781         2
783         2
785         2
787         2
789         2
791         2
793         2
795         2
797         2
799         2
801         2
801         0
801         0
803         2
805         2
807         2
809         2
811         2
813         2
815         2
817         2
819         2
821         2
821         0
821         0
823         2
825         2
827         2
828         1
828         0
828         0
830         2
832         2
834         2
836         2
836         0
836         0
837         1
837         0
839         2
841         2
841         0
841         0
843         2
845         2
847         2
848         1
848         0
848         0
850         2
852         2
854         2
856         2
856         0
856         0
858         2
860         2
862         2
864         2
864         0
864         0
866         2
867         1
869         2
871         2
871         0
871         0
873         2
875         2
877         2
879         2
879         0
879         0
881         2
883         2
885         2
886         1
886         0
886         0
887         1
887         0
887         0
887         0
889         2
891         2
891         0
891         0
893         2
895         2
895         0
895         0
897         2
898         1
900         2
902         2
902         0
902         0
904         2
906         2
906         0
906         0
908         2
910         2
910         0
910         0
912         2
913         1
913         0
913         0
915         2
917         2
917         0
917         0
918         1
918         0
920         2
922         2
922         0
922         0
924         2
925         1
925         0
925         0
927         2
929         2
929         0
929         0
931         2
933         2
933         0
933         0
935         2
937         2
937         0
937         0
937         0
937         0
937         0
937         0
937         0
937         0
939         2
941         2
941         0
941         0
943         2
944         1
944         0
944         0
944         0
944         0
946         2
948         2
948         0
948         0
949         1
949         0
949         0
949         0
951         2
952         1
952         0
952         0
952         0
952         0
954         2
956         2
956         0
956         0
956         0
956         0
958         2
960         2
960         0
960         0
960         0
960         0
960         0
960         0
960         0
960         0
962         2
964         2
964         0
964         0
964         0
964         0
966         2
967         1
967         0
967         0
967         0
967         0
969         2
971         2
971         0
971         0
971         0
971         0
971         0
971         0
972         1
972         0
972         0
972         0
972         0
972         0
974         2
975         1
975         0
975         0
977         2
979         2
979         0
979         0
979         0
979         0
979         0
979         0
981         2
983         2
983         0
983         0
983         0
983         0
983         0
983         0
983         0
983         0
983         0
983         0
983         0
983         0
985         2
987         2
987         0
987         0
987         0
987         0
989         2
990         1
990         0
990         0
990         0
990         0
990         0
990         0
992         2
994         2
994         0
994         0
994         0
994         0
994         0
994         0
994         0
994         0
994         0
994         0
994         0
994         0
994         0
994         0
996         2
998         2
998         0
998         0
998         0
998         0
998         0
998         0
1000         2
1001         1
1001         0
1001         0
1001         0
1001         0
1001         0
1001         0
1001         0
1001         0
1003         2
1005         2
1005         0
1005         0
1005         0
1005         0
1005         0
1005         0
1006         1
1006         0
1006         0
1006         0
1006         0
1006         0
1006         0
1006         0
1008         2
1009         1
1009         0
1009         0
1009         0
1009         0
1009         0
1009         0
1011         2
1013         2
1013         0
1013         0
1013         0
1013         0
1013         0
1013         0
1013         0
1013         0
1015         2
1016         1
1016         0
1016         0
1016         0
1016         0
1016         0
1016         0
1016         0
1016         0
1017         1
1017         0
1017         0
1017         0
1017         0
1017         0
1017         0
1017         0
1017         0
1017         0
1019         2
1020         1
1020         0
1020         0
1020         0
1020         0
1020         0
1020         0
1020         0
1020         0
1020         0
1020         0
1020         0
