0         0
4         4
8         4
16         8
23         7
30         7
37         7
48         11
58         10
67         9
76         9
83         7
89         6
97         8
105         8
112         7
118         6
125         7
131         6
139         8
147         8
154         7
160         6
167         7
173         6
180         7
186         6
194         8
202         8
208         6
214         6
220         6
226         6
232         6
238         6
246         8
254         8
262         8
269         7
276         7
282         6
290         8
297         7
305         8
312         7
316         4
320         4
328         8
335         7
340         5
344         4
353         9
362         9
370         8
378         8
382         4
386         4
392         6
397         5
403         6
408         5
418         10
427         9
433         6
438         5
446         8
453         7
459         6
464         5
474         10
483         9
487         4
490         3
496         6
501         5
507         6
512         5
520         8
527         7
529         2
531         2
539         8
546         7
552         6
558         6
562         4
565         3
571         6
577         6
583         6
588         5
592         4
596         4
598         2
600         2
608         8
615         7
617         2
619         2
625         6
630         5
632         2
634         2
640         6
646         6
648         2
650         2
654         4
657         3
662         5
666         4
670         4
673         3
675         2
677         2
681         4
684         3
688         4
692         4
696         4
700         4
702         2
704         2
706         2
708         2
710         2
712         2
714         2
716         2
720         4
723         3
728         5
732         4
734         2
736         2
738         2
740         2
744         4
747         3
749         2
751         2
753         2
755         2
757         2
759         2
761         2
763         2
767         4
771         4
773         2
775         2
777         2
779         2
781         2
783         2
785         2
787         2
789         2
791         2
791         0
791         0
793         2
795         2
797         2
799         2
801         2
803         2
805         2
807         2
809         2
811         2
813         2
815         2
817         2
819         2
819         0
819         0
821         2
823         2
825         2
827         2
829         2
831         2
833         2
835         2
837         2
839         2
839         0
839         0
841         2
843         2
844         1
844         0
844         0
844         0
846         2
848         2
850         2
852         2
852         0
852         0
854         2
855         1
857         2
859         2
859         0
859         0
861         2
863         2
864         1
864         0
864         0
864         0
866         2
868         2
870         2
872         2
872         0
872         0
874         2
876         2
878         2
880         2
880         0
880         0
881         1
881         0
883         2
885         2
885         0
885         0
887         2
889         2
891         2
893         2
893         0
893         0
895         2
897         2
898         1
898         0
898         0
898         0
900         2
901         1
901         0
901         0
903         2
905         2
905         0
905         0
907         2
909         2
909         0
909         0
910         1
910         0
912         2
914         2
914         0
914         0
916         2
918         2
918         0
918         0
920         2
922         2
922         0
922         0
923         1
923         0
923         0
923         0
925         2
927         2
927         0
927         0
929         2
930         1
932         2
934         2
934         0
934         0
935         1
935         0
935         0
935         0
937         2
939         2
939         0
939         0
941         2
943         2
943         0
943         0
945         2
947         2
947         0
947         0
947         0
947         0
947         0
947         0
947         0
947         0
949         2
951         2
951         0
951         0
952         1
952         0
952         0
952         0
952         0
952         0
954         2
956         2
956         0
956         0
958         2
959         1
959         0
959         0
960         1
960         0
960         0
960         0
960         0
960         0
962         2
964         2
964         0
964         0
964         0
964         0
966         2
968         2
968         0
968         0
968         0
968         0
968         0
968         0
968         0
968         0
970         2
972         2
972         0
972         0
972         0
972         0
973         1
973         0
973         0
973         0
973         0
973         0
975         2
977         2
977         0
977         0
977         0
977         0
977         0
977         0
979         2
980         1
980         0
980         0
980         0
980         0
981         1
981         0
981         0
981         0
983         2
985         2
985         0
985         0
985         0
985         0
985         0
985         0
987         2
989         2
989         0
989         0
989         0
989         0
989         0
989         0
989         0
989         0
989         0
989         0
989         0
989         0
991         2
993         2
993         0
993         0
993         0
993         0
994         1
994         0
994         0
994         0
994         0
994         0
994         0
994         0
996         2
998         2
998         0
998         0
998         0
998         0
998         0
998         0
998         0
998         0
998         0
998         0
998         0
998         0
998         0
998         0
1000         2
1002         2
1002         0
1002         0
1002         0
1002         0
1002         0
1002         0
1003         1
1003         0
1003         0
1003         0
1003         0
1003         0
1003         0
1003         0
1003         0
1003         0
1005         2
1007         2
1007         0
1007         0
1007         0
1007         0
1007         0
1007         0
1009         2
1010         1
1010         0
1010         0
1010         0
1010         0
1010         0
1010         0
1011         1
1011         0
1011         0
1011         0
1011         0
1011         0
1011         0
1011         0
1013         2
1015         2
1015         0
1015         0
1015         0
1015         0
1015         0
1015         0
1015         0
1015         0
1016         1
1016         0
1016         0
1016         0
1016         0
1016         0
1016         0
1016         0
1016         0
1016         0
1018         2
1019         1
1019         0
1019         0
1019         0
1019         0
1019         0
1019         0
1019         0
1019         0
1020         1
1020         0
1020         0
1020         0
1020         0
1020         0
1020         0
1020         0
1020         0
1020         0
1020         0
1020         0
1020         0
