0         0
4         4
8         4
17         9
26         9
34         8
42         8
53         11
64         11
74         10
84         10
91         7
98         7
106         8
114         8
121         7
128         7
135         7
142         7
150         8
158         8
165         7
172         7
179         7
186         7
193         7
200         7
208         8
216         8
222         6
228         6
234         6
240         6
246         6
252         6
260         8
268         8
275         7
282         7
289         7
296         7
303         7
310         7
317         7
324         7
328         4
332         4
339         7
346         7
351         5
356         5
364         8
372         8
380         8
388         8
392         4
396         4
401         5
406         5
411         5
416         5
425         9
434         9
439         5
444         5
451         7
458         7
463         5
468         5
477         9
486         9
489         3
492         3
497         5
502         5
507         5
512         5
519         7
526         7
528         2
530         2
537         7
544         7
550         6
556         6
559         3
562         3
568         6
574         6
579         5
584         5
588         4
592         4
594         2
596         2
603         7
610         7
612         2
614         2
619         5
624         5
626         2
628         2
634         6
640         6
642         2
644         2
647         3
650         3
655         5
660         5
663         3
666         3
668         2
670         2
673         3
676         3
680         4
684         4
688         4
692         4
694         2
696         2
698         2
700         2
702         2
704         2
706         2
708         2
711         3
714         3
719         5
724         5
726         2
728         2
730         2
732         2
735         3
738         3
740         2
742         2
744         2
746         2
748         2
750         2
752         2
754         2
758         4
762         4
764         2
766         2
768         2
770         2
772         2
774         2
776         2
778         2
780         2
782         2
782         0
782         0
784         2
786         2
788         2
790         2
792         2
794         2
796         2
798         2
800         2
802         2
804         2
806         2
808         2
810         2
810         0
810         0
812         2
814         2
816         2
818         2
820         2
822         2
824         2
826         2
828         2
830         2
830         0
830         0
832         2
834         2
835         1
836         1
836         0
836         0
838         2
840         2
842         2
844         2
844         0
844         0
845         1
846         1
848         2
850         2
850         0
850         0
852         2
854         2
855         1
856         1
856         0
856         0
858         2
860         2
862         2
864         2
864         0
864         0
866         2
868         2
870         2
872         2
872         0
872         0
873         1
874         1
876         2
878         2
878         0
878         0
880         2
882         2
884         2
886         2
886         0
886         0
888         2
890         2
891         1
892         1
892         0
892         0
893         1
894         1
894         0
894         0
896         2
898         2
898         0
898         0
900         2
902         2
902         0
902         0
903         1
904         1
906         2
908         2
908         0
908         0
910         2
912         2
912         0
912         0
914         2
916         2
916         0
916         0
917         1
918         1
918         0
918         0
920         2
922         2
922         0
922         0
923         1
924         1
926         2
928         2
928         0
928         0
929         1
930         1
930         0
930         0
932         2
934         2
934         0
934         0
936         2
938         2
938         0
938         0
940         2
942         2
942         0
942         0
942         0
942         0
942         0
942         0
942         0
942         0
944         2
946         2
946         0
946         0
947         1
948         1
948         0
948         0
948         0
948         0
950         2
952         2
952         0
952         0
953         1
954         1
954         0
954         0
955         1
956         1
956         0
956         0
956         0
956         0
958         2
960         2
960         0
960         0
960         0
960         0
962         2
964         2
964         0
964         0
964         0
964         0
964         0
964         0
964         0
964         0
966         2
968         2
968         0
968         0
968         0
968         0
969         1
970         1
970         0
970         0
970         0
970         0
972         2
974         2
974         0
974         0
974         0
974         0
974         0
974         0
975         1
976         1
976         0
976         0
976         0
976         0
977         1
978         1
978         0
978         0
980         2
982         2
982         0
982         0
982         0
982         0
982         0
982         0
984         2
986         2
986         0
986         0
986         0
986         0
986         0
986         0
986         0
986         0
986         0
986         0
986         0
986         0
988         2
990         2
990         0
990         0
990         0
990         0
991         1
992         1
992         0
992         0
992         0
992         0
992         0
992         0
994         2
996         2
996         0
996         0
996         0
996         0
996         0
996         0
996         0
996         0
996         0
996         0
996         0
996         0
996         0
996         0
998         2
1000         2
1000         0
1000         0
1000         0
1000         0
1000         0
1000         0
1001         1
1002         1
1002         0
1002         0
1002         0
1002         0
1002         0
1002         0
1002         0
1002         0
1004         2
1006         2
1006         0
1006         0
1006         0
1006         0
1006         0
1006         0
1007         1
1008         1
1008         0
1008         0
1008         0
1008         0
1008         0
1008         0
1009         1
1010         1
1010         0
1010         0
1010         0
1010         0
1010         0
1010         0
1012         2
1014         2
1014         0
1014         0
1014         0
1014         0
1014         0
1014         0
1014         0
1014         0
1015         1
1016         1
1016         0
1016         0
1016         0
1016         0
1016         0
1016         0
1016         0
1016         0
1017         1
1018         1
1018         0
1018         0
1018         0
1018         0
1018         0
1018         0
1018         0
1018         0
1019         1
1020         1
1020         0
1020         0
1020         0
1020         0
1020         0
1020         0
1020         0
1020         0
1020         0
1020         0
1020         0
