0         0
4         4
8         4
20         12
32         12
42         10
52         10
64         12
76         12
88         12
100         12
108         8
116         8
124         8
132         8
140         8
148         8
156         8
164         8
172         8
180         8
188         8
196         8
204         8
212         8
220         8
228         8
236         8
244         8
250         6
256         6
262         6
268         6
274         6
280         6
288         8
296         8
302         6
308         6
316         8
324         8
330         6
336         6
342         6
348         6
352         4
356         4
362         6
368         6
374         6
380         6
386         6
392         6
400         8
408         8
412         4
416         4
420         4
424         4
428         4
432         4
440         8
448         8
452         4
456         4
462         6
468         6
472         4
476         4
484         8
492         8
494         2
496         2
500         4
504         4
508         4
512         4
518         6
524         6
526         2
528         2
534         6
540         6
546         6
552         6
554         2
556         2
562         6
568         6
572         4
576         4
580         4
584         4
586         2
588         2
594         6
600         6
602         2
604         2
608         4
612         4
614         2
616         2
622         6
628         6
630         2
632         2
634         2
636         2
642         6
648         6
650         2
652         2
654         2
656         2
658         2
660         2
664         4
668         4
672         4
676         4
678         2
680         2
682         2
684         2
686         2
688         2
690         2
692         2
694         2
696         2
702         6
708         6
710         2
712         2
714         2
716         2
718         2
720         2
722         2
724         2
726         2
728         2
730         2
732         2
734         2
736         2
740         4
744         4
746         2
748         2
750         2
752         2
754         2
756         2
758         2
760         2
762         2
764         2
764         0
764         0
766         2
768         2
770         2
772         2
774         2
776         2
778         2
780         2
782         2
784         2
786         2
788         2
790         2
792         2
792         0
792         0
794         2
796         2
798         2
800         2
802         2
804         2
806         2
808         2
810         2
812         2
812         0
812         0
814         2
816         2
818         2
820         2
820         0
820         0
822         2
824         2
826         2
828         2
828         0
828         0
828         0
828         0
830         2
832         2
832         0
832         0
834         2
836         2
838         2
840         2
840         0
840         0
842         2
844         2
846         2
848         2
848         0
848         0
850         2
852         2
854         2
856         2
856         0
856         0
858         2
860         2
862         2
864         2
864         0
864         0
866         2
868         2
870         2
872         2
872         0
872         0
874         2
876         2
878         2
880         2
880         0
880         0
880         0
880         0
880         0
880         0
882         2
884         2
884         0
884         0
886         2
888         2
888         0
888         0
890         2
892         2
894         2
896         2
896         0
896         0
898         2
900         2
900         0
900         0
902         2
904         2
904         0
904         0
906         2
908         2
908         0
908         0
910         2
912         2
912         0
912         0
912         0
912         0
914         2
916         2
916         0
916         0
918         2
920         2
920         0
920         0
922         2
924         2
924         0
924         0
926         2
928         2
928         0
928         0
930         2
932         2
932         0
932         0
932         0
932         0
932         0
932         0
932         0
932         0
934         2
936         2
936         0
936         0
938         2
940         2
940         0
940         0
940         0
940         0
942         2
944         2
944         0
944         0
944         0
944         0
944         0
944         0
946         2
948         2
948         0
948         0
948         0
948         0
950         2
952         2
952         0
952         0
952         0
952         0
954         2
956         2
956         0
956         0
956         0
956         0
956         0
956         0
956         0
956         0
958         2
960         2
960         0
960         0
960         0
960         0
962         2
964         2
964         0
964         0
964         0
964         0
966         2
968         2
968         0
968         0
968         0
968         0
968         0
968         0
968         0
968         0
968         0
968         0
968         0
968         0
970         2
972         2
972         0
972         0
974         2
976         2
976         0
976         0
976         0
976         0
976         0
976         0
978         2
980         2
980         0
980         0
980         0
980         0
980         0
980         0
980         0
980         0
980         0
980         0
980         0
980         0
982         2
984         2
984         0
984         0
984         0
984         0
986         2
988         2
988         0
988         0
988         0
988         0
988         0
988         0
990         2
992         2
992         0
992         0
992         0
992         0
992         0
992         0
992         0
992         0
992         0
992         0
992         0
992         0
992         0
992         0
994         2
996         2
996         0
996         0
996         0
996         0
996         0
996         0
998         2
1000         2
1000         0
1000         0
1000         0
1000         0
1000         0
1000         0
1000         0
1000         0
1002         2
1004         2
1004         0
1004         0
1004         0
1004         0
1004         0
1004         0
1004         0
1004         0
1004         0
1004         0
1004         0
1004         0
1004         0
1004         0
1006         2
1008         2
1008         0
1008         0
1008         0
1008         0
1008         0
1008         0
1010         2
1012         2
1012         0
1012         0
1012         0
1012         0
1012         0
1012         0
1012         0
1012         0
1014         2
1016         2
1016         0
1016         0
1016         0
1016         0
1016         0
1016         0
1016         0
1016         0
1016         0
1016         0
1016         0
1016         0
1016         0
1016         0
1016         0
1016         0
1016         0
1016         0
1018         2
1020         2
1020         0
1020         0
1020         0
1020         0
1020         0
1020         0
1020         0
1020         0
1020         0
1020         0
1020         0

//amba-blc4-1.2-1.4