0         0
46         46
91         45
111         20
131         20
145         14
158         13
170         12
182         12
191         9
199         8
209         10
218         9
226         8
234         8
242         8
250         8
257         7
263         6
270         7
276         6
283         7
289         6
294         5
298         4
305         7
311         6
316         5
321         5
327         6
333         6
339         6
345         6
350         5
354         4
359         5
363         4
368         5
372         4
377         5
382         5
385         3
387         2
392         5
396         4
400         4
404         4
409         5
413         4
416         3
418         2
423         5
427         4
431         4
434         3
438         4
442         4
444         2
446         2
452         6
458         6
461         3
464         3
467         3
469         2
474         5
478         4
480         2
482         2
486         4
489         3
493         4
496         3
499         3
501         2
504         3
506         2
509         3
511         2
513         2
515         2
521         6
527         6
530         3
533         3
535         2
537         2
540         3
542         2
545         3
547         2
550         3
552         2
554         2
556         2
559         3
562         3
564         2
566         2
568         2
570         2
574         4
578         4
581         3
583         2
585         2
587         2
589         2
591         2
594         3
597         3
599         2
601         2
603         2
605         2
607         2
609         2
612         3
614         2
616         2
618         2
620         2
622         2
623         1
623         0
625         2
627         2
629         2
631         2
633         2
635         2
638         3
641         3
643         2
645         2
647         2
649         2
650         1
650         0
652         2
654         2
656         2
658         2
660         2
662         2
664         2
666         2
667         1
667         0
669         2
671         2
673         2
675         2
677         2
679         2
680         1
680         0
682         2
684         2
687         3
690         3
692         2
694         2
695         1
695         0
697         2
699         2
701         2
703         2
705         2
707         2
708         1
708         0
710         2
712         2
714         2
715         1
716         1
716         0
718         2
720         2
722         2
724         2
725         1
725         0
727         2
729         2
731         2
732         1
733         1
733         0
735         2
737         2
739         2
740         1
741         1
741         0
743         2
745         2
747         2
748         1
748         0
748         0
750         2
752         2
754         2
755         1
756         1
756         0
758         2
760         2
762         2
763         1
764         1
764         0
766         2
768         2
768         0
768         0
770         2
772         2
774         2
776         2
776         0
776         0
778         2
780         2
781         1
781         0
783         2
784         1
788         4
791         3
792         1
792         0
794         2
795         1
796         1
796         0
798         2
800         2
800         0
800         0
802         2
803         1
805         2
806         1
807         1
807         0
809         2
810         1
811         1
811         0
813         2
814         1
815         1
815         0
817         2
819         2
819         0
819         0
821         2
823         2
825         2
826         1
827         1
827         0
829         2
830         1
831         1
831         0
833         2
834         1
835         1
835         0
837         2
838         1
838         0
838         0
840         2
842         2
842         0
842         0
844         2
846         2
846         0
846         0
848         2
850         2
850         0
850         0
852         2
854         2
854         0
854         0
856         2
858         2
858         0
858         0
860         2
862         2
862         0
862         0
864         2
865         1
866         1
866         0
868         2
869         1
870         1
870         0
872         2
873         1
873         0
873         0
875         2
877         2
877         0
877         0
879         2
880         1
880         0
880         0
882         2
884         2
884         0
884         0
884         0
884         0
888         4
891         3
891         0
891         0
893         2
894         1
895         1
895         0
897         2
898         1
898         0
898         0
900         2
902         2
902         0
902         0
904         2
906         2
906         0
906         0
908         2
909         1
910         1
910         0
910         0
910         0
912         2
913         1
914         1
914         0
916         2
917         1
917         0
917         0
919         2
920         1
920         0
920         0
920         0
920         0
922         2
923         1
924         1
924         0
926         2
927         1
928         1
928         0
930         2
931         1
931         0
931         0
931         0
931         0
933         2
935         2
935         0
935         0
937         2
938         1
938         0
938         0
940         2
942         2
942         0
942         0
942         0
942         0
944         2
946         2
946         0
946         0
948         2
949         1
950         1
950         0
950         0
950         0
952         2
953         1
953         0
953         0
955         2
957         2
957         0
957         0
957         0
957         0
959         2
960         1
960         0
960         0
962         2
963         1
963         0
963         0
963         0
963         0
965         2
967         2
967         0
967         0
969         2
970         1
970         0
970         0
971         1
971         0
973         2
974         1
974         0
974         0
978         4
981         3
981         0
981         0
982         1
982         0
984         2
985         1
985         0
985         0
985         0
985         0
987         2
988         1
988         0
988         0
990         2
991         1
991         0
991         0
992         1
992         0
994         2
995         1
995         0
995         0
995         0
995         0
997         2
999         2
999         0
999         0
999         0
999         0
999         0
999         0
999         0
999         0
1001         2
1003         2
1003         0
1003         0
1003         0
1003         0
1005         2
1006         1
1006         0
1006         0
1006         0
1006         0
1008         2
1010         2
1010         0
1010         0
1012         2
1013         1
1013         0
1013         0
1014         1
1014         0
1016         2
1017         1
1017         0
1017         0
1017         0
1017         0
1019         2
1020         1
1020         0
1020         0
1020         0
