0         0
56         56
112         56
134         22
156         22
170         14
184         14
196         12
208         12
216         8
224         8
234         10
244         10
252         8
260         8
268         8
276         8
282         6
288         6
294         6
300         6
306         6
312         6
316         4
320         4
326         6
332         6
336         4
340         4
346         6
352         6
358         6
364         6
368         4
372         4
376         4
380         4
384         4
388         4
392         4
396         4
398         2
400         2
404         4
408         4
412         4
416         4
420         4
424         4
426         2
428         2
432         4
436         4
438         2
440         2
444         4
448         4
450         2
452         2
458         6
464         6
466         2
468         2
470         2
472         2
476         4
480         4
482         2
484         2
486         2
488         2
492         4
496         4
498         2
500         2
502         2
504         2
506         2
508         2
510         2
512         2
518         6
524         6
526         2
528         2
530         2
532         2
534         2
536         2
538         2
540         2
542         2
544         2
546         2
548         2
550         2
552         2
554         2
556         2
558         2
560         2
564         4
568         4
570         2
572         2
574         2
576         2
578         2
580         2
582         2
584         2
586         2
588         2
590         2
592         2
594         2
596         2
598         2
600         2
602         2
604         2
606         2
608         2
608         0
608         0
610         2
612         2
614         2
616         2
618         2
620         2
622         2
624         2
626         2
628         2
630         2
632         2
632         0
632         0
634         2
636         2
638         2
640         2
642         2
644         2
646         2
648         2
648         0
648         0
650         2
652         2
654         2
656         2
658         2
660         2
660         0
660         0
662         2
664         2
668         4
672         4
674         2
676         2
676         0
676         0
678         2
680         2
682         2
684         2
686         2
688         2
688         0
688         0
690         2
692         2
694         2
696         2
696         0
696         0
698         2
700         2
702         2
704         2
704         0
704         0
706         2
708         2
710         2
712         2
712         0
712         0
714         2
716         2
718         2
720         2
720         0
720         0
722         2
724         2
726         2
728         2
728         0
728         0
730         2
732         2
734         2
736         2
736         0
736         0
738         2
740         2
742         2
744         2
744         0
744         0
746         2
748         2
748         0
748         0
750         2
752         2
754         2
756         2
756         0
756         0
758         2
760         2
760         0
760         0
762         2
764         2
768         4
772         4
772         0
772         0
774         2
776         2
776         0
776         0
778         2
780         2
780         0
780         0
782         2
784         2
786         2
788         2
788         0
788         0
790         2
792         2
792         0
792         0
794         2
796         2
796         0
796         0
798         2
800         2
800         0
800         0
802         2
804         2
806         2
808         2
808         0
808         0
810         2
812         2
812         0
812         0
814         2
816         2
816         0
816         0
818         2
820         2
820         0
820         0
822         2
824         2
824         0
824         0
826         2
828         2
828         0
828         0
830         2
832         2
832         0
832         0
834         2
836         2
836         0
836         0
838         2
840         2
840         0
840         0
842         2
844         2
844         0
844         0
846         2
848         2
848         0
848         0
850         2
852         2
852         0
852         0
854         2
856         2
856         0
856         0
858         2
860         2
860         0
860         0
862         2
864         2
864         0
864         0
866         2
868         2
868         0
868         0
868         0
868         0
872         4
876         4
876         0
876         0
878         2
880         2
880         0
880         0
882         2
884         2
884         0
884         0
886         2
888         2
888         0
888         0
890         2
892         2
892         0
892         0
894         2
896         2
896         0
896         0
896         0
896         0
898         2
900         2
900         0
900         0
902         2
904         2
904         0
904         0
906         2
908         2
908         0
908         0
908         0
908         0
910         2
912         2
912         0
912         0
914         2
916         2
916         0
916         0
918         2
920         2
920         0
920         0
920         0
920         0
922         2
924         2
924         0
924         0
926         2
928         2
928         0
928         0
930         2
932         2
932         0
932         0
932         0
932         0
934         2
936         2
936         0
936         0
938         2
940         2
940         0
940         0
940         0
940         0
942         2
944         2
944         0
944         0
946         2
948         2
948         0
948         0
948         0
948         0
950         2
952         2
952         0
952         0
954         2
956         2
956         0
956         0
956         0
956         0
958         2
960         2
960         0
960         0
962         2
964         2
964         0
964         0
964         0
964         0
966         2
968         2
968         0
968         0
972         4
976         4
976         0
976         0
976         0
976         0
978         2
980         2
980         0
980         0
980         0
980         0
982         2
984         2
984         0
984         0
986         2
988         2
988         0
988         0
988         0
988         0
990         2
992         2
992         0
992         0
992         0
992         0
994         2
996         2
996         0
996         0
996         0
996         0
996         0
996         0
996         0
996         0
998         2
1000         2
1000         0
1000         0
1000         0
1000         0
1002         2
1004         2
1004         0
1004         0
1004         0
1004         0
1006         2
1008         2
1008         0
1008         0
1010         2
1012         2
1012         0
1012         0
1012         0
1012         0
1014         2
1016         2
1016         0
1016         0
1016         0
1016         0
1018         2
1020         2
1020         0
1020         0
1020         0

//exp-0.35