0         0
4         4
8         4
14         6
20         6
26         6
32         6
42         10
52         10
60         8
68         8
74         6
80         6
88         8
96         8
102         6
108         6
114         6
120         6
128         8
136         8
142         6
148         6
154         6
160         6
166         6
172         6
180         8
188         8
194         6
200         6
206         6
212         6
218         6
224         6
232         8
240         8
248         8
256         8
262         6
268         6
276         8
284         8
292         8
300         8
304         4
308         4
316         8
324         8
328         4
332         4
342         10
352         10
360         8
368         8
372         4
376         4
382         6
388         6
394         6
400         6
410         10
420         10
426         6
432         6
440         8
448         8
454         6
460         6
470         10
480         10
484         4
488         4
494         6
500         6
506         6
512         6
520         8
528         8
530         2
532         2
540         8
548         8
554         6
560         6
564         4
568         4
574         6
580         6
586         6
592         6
596         4
600         4
602         2
604         2
612         8
620         8
622         2
624         2
630         6
636         6
638         2
640         2
646         6
652         6
654         2
656         2
660         4
664         4
668         4
672         4
676         4
680         4
682         2
684         2
688         4
692         4
696         4
700         4
704         4
708         4
710         2
712         2
714         2
716         2
718         2
720         2
722         2
724         2
728         4
732         4
736         4
740         4
742         2
744         2
746         2
748         2
752         4
756         4
758         2
760         2
762         2
764         2
766         2
768         2
770         2
772         2
776         4
780         4
782         2
784         2
786         2
788         2
790         2
792         2
794         2
796         2
798         2
800         2
800         0
800         0
802         2
804         2
806         2
808         2
810         2
812         2
814         2
816         2
818         2
820         2
822         2
824         2
826         2
828         2
828         0
828         0
830         2
832         2
834         2
836         2
838         2
840         2
842         2
844         2
846         2
848         2
848         0
848         0
850         2
852         2
852         0
852         0
852         0
852         0
854         2
856         2
858         2
860         2
860         0
860         0
862         2
864         2
866         2
868         2
868         0
868         0
870         2
872         2
872         0
872         0
872         0
872         0
874         2
876         2
878         2
880         2
880         0
880         0
882         2
884         2
886         2
888         2
888         0
888         0
888         0
888         0
890         2
892         2
892         0
892         0
894         2
896         2
898         2
900         2
900         0
900         0
902         2
904         2
904         0
904         0
904         0
904         0
906         2
908         2
908         0
908         0
910         2
912         2
912         0
912         0
914         2
916         2
916         0
916         0
916         0
916         0
918         2
920         2
920         0
920         0
922         2
924         2
924         0
924         0
926         2
928         2
928         0
928         0
928         0
928         0
928         0
928         0
930         2
932         2
932         0
932         0
934         2
936         2
938         2
940         2
940         0
940         0
940         0
940         0
940         0
940         0
942         2
944         2
944         0
944         0
946         2
948         2
948         0
948         0
950         2
952         2
952         0
952         0
952         0
952         0
952         0
952         0
952         0
952         0
954         2
956         2
956         0
956         0
956         0
956         0
956         0
956         0
956         0
956         0
958         2
960         2
960         0
960         0
962         2
964         2
964         0
964         0
964         0
964         0
964         0
964         0
964         0
964         0
966         2
968         2
968         0
968         0
968         0
968         0
970         2
972         2
972         0
972         0
972         0
972         0
972         0
972         0
972         0
972         0
974         2
976         2
976         0
976         0
976         0
976         0
976         0
976         0
976         0
976         0
976         0
976         0
978         2
980         2
980         0
980         0
980         0
980         0
980         0
980         0
982         2
984         2
984         0
984         0
984         0
984         0
984         0
984         0
984         0
984         0
986         2
988         2
988         0
988         0
988         0
988         0
988         0
988         0
990         2
992         2
992         0
992         0
992         0
992         0
992         0
992         0
992         0
992         0
992         0
992         0
992         0
992         0
994         2
996         2
996         0
996         0
996         0
996         0
996         0
996         0
996         0
996         0
996         0
996         0
996         0
996         0
998         2
1000         2
1000         0
1000         0
1000         0
1000         0
1000         0
1000         0
1000         0
1000         0
1000         0
1000         0
1000         0
1000         0
1000         0
1000         0
1002         2
1004         2
1004         0
1004         0
1004         0
1004         0
1004         0
1004         0
1004         0
1004         0
1004         0
1004         0
1004         0
1004         0
1004         0
1004         0
1004         0
1004         0
1006         2
1008         2
1008         0
1008         0
1008         0
1008         0
1008         0
1008         0
1010         2
1012         2
1012         0
1012         0
1012         0
1012         0
1012         0
1012         0
1012         0
1012         0
1012         0
1012         0
1012         0
1012         0
1012         0
1012         0
1014         2
1016         2
1016         0
1016         0
1016         0
1016         0
1016         0
1016         0
1016         0
1016         0
1016         0
1016         0
1016         0
1016         0
1016         0
1016         0
1016         0
1016         0
1016         0
1016         0
1018         2
1020         2
1020         0
1020         0
1020         0
1020         0
1020         0
1020         0
1020         0
1020         0
1020         0
1020         0
1020         0
1020         0
1020         0
1020         0
1020         0
1020         0
1020         0
1020         0
1020         0
1020         0
1020         0

//amba-blc4-1.8-1.8