00008000-0005a000 r-xp 00000000 01:00 72         /bin/busybox
 3 3 3 3 3 3 3 3 3 3 3 3 3 3 3 3 3 3 3 3 3 1 1 1 1 1 1 1 1 1 1 1 1 1 1 1 1 1 1 1 1 1 1 1 1 1 1 1 1 1 1 1 1 1 1 1 1 1 1 1 1 1 2 2 2 2 3 3 3 3 3 3 3 1 1 1 1 1 1 1 1 2
00062000-00063000 rw-p 00052000 01:00 72         /bin/busybox
 -1
00063000-000d1000 rwxp 00063000 00:00 0          [heap]
 0 0 0 0 0 0 0 0 0 0 0 0 0 0 0 0 0 0 0 0 0 0 0 0 0 0 0 0 0 0 0 0 0 0 0 0 0 0 0 0 0 0 0 0 0 0 0 0 0 0 0 0 0 0 0 0 0 0 0 0 0 0 0 0 0 0 0 0 0 0 0 0 0 0 0 0 0 0 0 0 0 0 0 0 0 0 0 0 0 0 0 0 0 0 0 0 0 0 0 0 0 0 0 0 0 0 0 0 -1 -1
40000000-40005000 r-xp 00000000 01:00 159        /lib/ld-uClibc.so.0
 6 6 6 6 6
40005000-40006000 rw-p 40005000 00:00 0 
 -1
4000c000-4000d000 r--p 00004000 01:00 159        /lib/ld-uClibc.so.0
 -1
4000d000-4000e000 rw-p 00005000 01:00 159        /lib/ld-uClibc.so.0
 -1
4000e000-40011000 r-xp 00000000 01:00 153        /lib/libcrypt.so.0
 5 5 5
40011000-40018000 ---p 40011000 00:00 0 
 0 0 0 0 0 0 0
40018000-40019000 r--p 00002000 01:00 153        /lib/libcrypt.so.0
 -1
40019000-4002b000 rw-p 40019000 00:00 0 
 0 0 0 0 0 0 0 0 0 0 0 0 0 0 0 0 0 0
4002b000-40074000 r-xp 00000000 01:00 158        /lib/libuClibc-0.9.28.so
 6 6 6 6 6 6 6 6 6 6 6 6 6 6 6 6 6 6 6 6 6 6 6 6 6 6 6 6 6 6 6 6 6 6 6 4 4 4 4 4 4 4 4 4 4 4 5 5 5 6 5 4 4 4 5 5 3 5 5 6 6 5 6 6 6 5 5 5 5 5 5 5 5
40074000-4007c000 ---p 40074000 00:00 0 
 0 0 0 0 0 0 0 0
4007c000-4007d000 r--p 00049000 01:00 158        /lib/libuClibc-0.9.28.so
 -1
4007d000-4007e000 rw-p 0004a000 01:00 158        /lib/libuClibc-0.9.28.so
 -1
4007e000-40082000 rw-p 4007e000 00:00 0 
 0 0 -1 -1
bea0e000-bea23000 rwxp bea0e000 00:00 0          [stack]
 0 0 0 0 0 0 0 0 0 0 0 0 0 0 0 0 0 0 0 0 -1
