0         14
14         15
29         13
42         14
56         12
68         12
80         11
91         11
102         10
112         10
122         9
131         10
141         9
150         9
159         8
167         8
175         8
183         8
191         7
198         8
206         7
213         8
221         6
227         7
234         6
240         6
246         6
252         6
258         6
264         6
270         6
276         6
282         6
288         6
294         5
299         5
304         5
309         6
315         5
320         5
325         5
330         5
335         5
340         6
346         5
351         5
356         4
360         5
365         4
369         5
374         5
379         4
383         5
388         5
393         5
398         5
403         4
407         4
411         5
416         4
420         5
425         4
429         5
434         4
438         5
443         4
447         5
452         4
456         5
461         4
465         5
470         4
474         4
478         4
482         4
486         4
490         4
494         4
498         4
502         3
505         4
509         4
513         4
517         4
521         4
525         4
529         4
533         3
536         4
540         3
543         4
547         3
550         4
554         3
557         4
561         3
564         3
567         3
570         4
574         3
577         3
580         3
583         3
586         3
589         3
592         3
595         3
598         3
601         3
604         3
607         3
610         3
613         3
616         3
619         3
622         2
624         3
627         2
629         3
632         3
635         3
638         2
640         3
643         2
645         3
648         3
651         3
654         2
656         3
659         2
661         2
663         2
665         3
668         2
670         3
673         2
675         2
677         2
679         3
682         2
684         2
686         2
688         3
691         2
693         2
695         2
697         2
699         2
701         2
703         2
705         2
707         2
709         3
712         2
714         2
716         2
718         2
720         2
722         2
724         2
726         1
727         2
729         2
731         2
733         2
735         2
737         2
739         2
741         2
743         2
745         2
747         2
749         2
751         2
753         2
755         1
756         2
758         2
760         2
762         2
764         2
766         2
768         2
770         1
771         2
773         2
775         2
777         2
779         2
781         2
783         2
785         2
787         2
789         1
790         2
792         1
793         1
794         1
795         2
797         1
798         1
799         1
800         1
801         1
802         1
803         1
804         2
806         1
807         1
808         1
809         1
810         1
811         2
813         1
814         1
815         1
816         1
817         1
818         1
819         1
820         1
821         1
822         1
823         1
824         1
825         1
826         1
827         1
828         2
830         1
831         1
832         1
833         1
834         1
835         1
836         1
837         1
838         1
839         1
840         1
841         1
842         1
843         1
844         1
845         0
845         1
846         1
847         1
848         1
849         1
850         1
851         1
852         0
852         1
853         1
854         0
854         1
855         1
856         1
857         1
858         1
859         1
860         1
861         1
862         1
863         1
864         1
865         1
866         1
867         1
868         1
869         1
870         0
870         1
871         1
872         1
873         1
874         1
875         1
876         1
877         1
878         1
879         0
879         1
880         1
881         1
882         1
883         1
884         1
885         1
886         0
886         1
887         0
887         1
888         1
889         1
890         1
891         1
892         1
893         1
894         1
895         1
896         1
897         1
898         0
898         1
899         1
900         1
901         0
901         1
902         1
903         1
904         0
904         1
905         0
905         1
906         1
907         1
908         0
908         1
909         1
910         1
911         1
912         1
913         1
914         1
915         1
916         1
917         0
917         1
918         0
918         1
919         0
919         1
920         1
921         1
922         0
922         1
923         1
924         1
925         0
925         1
926         1
927         1
928         0
928         1
929         0
929         1
930         1
931         1
932         0
932         1
933         1
934         1
935         0
935         1
936         1
937         1
938         0
938         1
939         1
940         1
941         0
941         1
942         0
942         1
943         0
943         1
944         0
944         1
945         1
946         1
947         1
948         1
949         0
949         1
950         1
951         1
952         0
952         1
953         0
953         1
954         0
954         1
955         1
956         1
957         0
957         1
958         1
959         1
960         0
960         1
961         1
962         1
963         1
964         1
965         0
965         0
965         0
965         1
966         0
966         1
967         1
968         1
969         0
969         1
970         0
970         1
971         1
972         1
973         1
974         1
975         0
975         1
976         0
976         1
977         0
977         1
978         0
978         1
979         0
979         1
980         0
980         1
981         0
981         1
982         1
983         1
984         0
984         1
985         1
986         1
987         0
987         1
988         0
988         0
988         0
988         1
989         0
989         1
990         1
991         1
992         0
992         1
993         1
994         1
995         0
995         1
996         0
996         1
997         0
997         1
998         0
998         1
999         0
999         1
1000         0
1000         1
1001         0
1001         1
1002         0
1002         1
1003         1
1004         1
1005         0
1005         1
1006         1
1007         1
1008         0
1008         0
1008         0
1008         1
1009         0
1009         1
1010         0
1010         1
1011         1
1012         1
1013         0
1013         1
1014         0
1014         1
1015         0
1015         1
1016         0
1016         1
1017         0
1017         1
1018         0
1018         0
1018         0
1018         1
1019         0
1019         1
1020         0
1020         1
1021         0
1021         0
1021         0
1021         1
1022         0
1022         0
1022         0
1022         0
1022         0
1022         1
1023         0
1023         0
1023         0
1023         0
1023         0
1023         0
