0         11
11         10
21         10
31         10
41         9
50         10
60         8
68         9
77         7
84         8
92         8
100         8
108         7
115         8
123         6
129         7
136         7
143         6
149         7
156         6
162         7
169         6
175         6
181         6
187         5
192         6
198         5
203         6
209         5
214         6
220         5
225         6
231         6
237         5
242         6
248         5
253         5
258         5
263         6
269         5
274         5
279         5
284         6
290         5
295         6
301         5
306         5
311         5
316         5
321         5
326         5
331         6
337         6
343         6
349         6
355         5
360         6
366         5
371         6
377         5
382         6
388         5
393         6
399         6
405         6
411         6
417         6
423         6
429         6
435         6
441         6
447         6
453         5
458         6
464         5
469         5
474         6
480         5
485         5
490         5
495         5
500         5
505         6
511         5
516         5
521         6
527         4
531         5
536         4
540         5
545         5
550         5
555         5
560         5
565         4
569         5
574         4
578         4
582         5
587         4
591         5
596         4
600         4
604         4
608         4
612         4
616         4
620         4
624         4
628         3
631         4
635         4
639         4
643         4
647         4
651         3
654         3
657         3
660         4
664         4
668         4
672         3
675         3
678         3
681         4
685         4
689         3
692         3
695         3
698         3
701         3
704         3
707         3
710         3
713         3
716         4
720         2
722         3
725         2
727         4
731         2
733         3
736         3
739         3
742         2
744         3
747         2
749         2
751         3
754         2
756         3
759         2
761         3
764         3
767         2
769         2
771         3
774         2
776         2
778         2
780         2
782         2
784         2
786         3
789         2
791         2
793         3
796         2
798         2
800         2
802         2
804         2
806         2
808         3
811         1
812         2
814         2
816         2
818         2
820         2
822         2
824         2
826         2
828         2
830         1
831         2
833         2
835         2
837         2
839         2
841         2
843         2
845         2
847         1
848         1
849         1
850         2
852         1
853         1
854         1
855         1
856         1
857         1
858         1
859         1
860         1
861         2
863         1
864         0
864         1
865         2
867         1
868         1
869         1
870         1
871         1
872         1
873         1
874         1
875         0
875         1
876         1
877         1
878         1
879         1
880         1
881         1
882         1
883         1
884         1
885         1
886         1
887         1
888         1
889         0
889         1
890         1
891         1
892         1
893         1
894         1
895         0
895         1
896         1
897         1
898         0
898         1
899         1
900         0
900         1
901         1
902         1
903         0
903         1
904         1
905         0
905         1
906         1
907         1
908         1
909         0
909         1
910         1
911         1
912         1
913         0
913         1
914         1
915         1
916         1
917         0
917         1
918         0
918         1
919         1
920         0
920         1
921         1
922         1
923         1
924         0
924         1
925         0
925         1
926         1
927         0
927         1
928         1
929         0
929         1
930         0
930         1
931         0
931         1
932         1
933         0
933         1
934         1
935         1
936         0
936         1
937         1
938         0
938         1
939         0
939         1
940         1
941         0
941         0
941         1
942         1
943         0
943         1
944         0
944         0
944         1
945         1
946         0
946         1
947         0
947         1
948         1
949         0
949         1
950         1
951         1
952         0
952         1
953         0
953         0
953         1
954         0
954         0
954         1
955         1
956         0
956         1
957         0
957         1
958         0
958         1
959         0
959         1
960         0
960         0
960         1
961         0
961         1
962         1
963         0
963         0
963         1
964         1
965         0
965         1
966         0
966         1
967         0
967         1
968         0
968         1
969         0
969         1
970         0
970         0
970         1
971         0
971         0
971         1
972         0
972         1
973         1
974         0
974         0
974         1
975         1
976         0
976         0
976         1
977         0
977         1
978         0
978         0
978         1
979         1
980         0
980         0
980         1
981         1
982         0
982         0
982         1
983         1
984         0
984         1
985         0
985         1
986         0
986         0
986         0
986         1
987         0
987         1
988         0
988         1
989         0
989         0
989         1
990         1
991         0
991         1
992         0
992         0
992         1
993         0
993         0
993         1
994         0
994         0
994         1
995         0
995         0
995         1
996         0
996         0
996         1
997         1
998         0
998         0
998         1
999         1
1000         0
1000         0
1000         1
1001         0
1001         0
1001         0
1001         0
1001         1
1002         0
1002         1
1003         0
1003         1
1004         0
1004         1
1005         0
1005         0
1005         1
1006         0
1006         0
1006         1
1007         0
1007         0
1007         1
1008         0
1008         0
1008         0
1008         1
1009         0
1009         0
1009         1
1010         0
1010         1
1011         0
1011         1
1012         0
1012         1
1013         0
1013         0
1013         0
1013         0
1013         1
1014         0
1014         0
1014         1
1015         0
1015         1
1016         0
1016         1
1017         0
1017         0
1017         1
1018         0
1018         0
1018         1
1019         0
1019         0
1019         1
1020         0
1020         0
1020         0
1020         0
1020         1
1021         0
1021         0
1021         1
1022         0
1022         0
1022         0
1022         0
1022         0
1022         0
1022         0
1022         0
1022         0
1022         1
1023         0
1023         0
1023         0
1023         0
1023         0
1023         0
