0         40
40         40
80         17
97         16
113         13
126         12
138         12
150         11
161         10
171         9
180         9
189         9
198         9
207         8
215         8
223         7
230         7
237         8
245         7
252         6
258         7
265         7
272         6
278         6
284         6
290         5
295         6
301         5
306         5
311         6
317         5
322         6
328         5
333         5
338         5
343         4
347         5
352         5
357         4
361         5
366         4
370         5
375         4
379         5
384         4
388         5
393         4
397         4
401         4
405         4
409         4
413         4
417         4
421         5
426         3
429         4
433         4
437         4
441         4
445         3
448         4
452         4
456         4
460         4
464         3
467         4
471         4
475         4
479         3
482         4
486         4
490         3
493         4
497         3
500         3
503         4
507         3
510         4
514         3
517         3
520         3
523         3
526         4
530         3
533         3
536         3
539         3
542         3
545         3
548         3
551         3
554         3
557         3
560         3
563         3
566         3
569         3
572         2
574         3
577         3
580         3
583         2
585         3
588         2
590         3
593         2
595         3
598         3
601         2
603         3
606         2
608         3
611         2
613         3
616         2
618         2
620         2
622         3
625         2
627         3
630         2
632         2
634         2
636         3
639         2
641         3
644         2
646         2
648         2
650         2
652         2
654         2
656         2
658         2
660         2
662         3
665         1
666         2
668         2
670         2
672         2
674         2
676         2
678         3
681         1
682         2
684         2
686         2
688         1
689         2
691         2
693         2
695         2
697         2
699         2
701         2
703         2
705         2
707         1
708         1
709         2
711         2
713         2
715         2
717         2
719         1
720         2
722         2
724         1
725         2
727         2
729         2
731         2
733         1
734         2
736         1
737         2
739         2
741         2
743         1
744         2
746         2
748         1
749         2
751         1
752         2
754         2
756         2
758         1
759         2
761         2
763         2
765         1
766         1
767         1
768         1
769         2
771         1
772         2
774         1
775         1
776         1
777         0
777         1
778         2
780         1
781         2
783         1
784         1
785         1
786         1
787         2
789         1
790         1
791         1
792         1
793         1
794         1
795         1
796         1
797         1
798         1
799         1
800         2
802         1
803         1
804         1
805         2
807         1
808         1
809         1
810         1
811         1
812         1
813         1
814         1
815         1
816         1
817         1
818         1
819         1
820         2
822         1
823         1
824         0
824         1
825         1
826         1
827         1
828         1
829         1
830         1
831         1
832         1
833         1
834         1
835         1
836         1
837         1
838         1
839         1
840         1
841         1
842         1
843         1
844         2
846         1
847         1
848         1
849         1
850         0
850         1
851         1
852         1
853         1
854         1
855         1
856         1
857         1
858         1
859         1
860         1
861         0
861         1
862         1
863         1
864         2
866         1
867         1
868         0
868         1
869         0
869         1
870         1
871         1
872         1
873         1
874         1
875         2
877         1
878         1
879         1
880         1
881         0
881         1
882         1
883         1
884         1
885         0
885         1
886         1
887         1
888         0
888         1
889         1
890         1
891         1
892         0
892         1
893         1
894         2
896         1
897         1
898         1
899         1
900         1
901         1
902         0
902         1
903         0
903         1
904         0
904         1
905         1
906         1
907         1
908         0
908         2
910         1
911         0
911         1
912         1
913         1
914         1
915         0
915         1
916         0
916         1
917         1
918         1
919         1
920         1
921         1
922         0
922         1
923         1
924         1
925         0
925         1
926         1
927         1
928         1
929         0
929         1
930         0
930         1
931         1
932         0
932         1
933         1
934         1
935         1
936         1
937         1
938         1
939         1
940         1
941         0
941         1
942         0
942         1
943         0
943         1
944         1
945         1
946         1
947         0
947         2
949         1
950         0
950         1
951         1
952         1
953         1
954         1
955         1
956         0
956         0
956         0
956         1
957         0
957         1
958         2
960         0
960         1
961         0
961         1
962         1
963         2
965         1
966         1
967         0
967         1
968         0
968         1
969         0
969         1
970         0
970         1
971         0
971         1
972         0
972         1
973         0
973         1
974         1
975         2
977         0
977         1
978         1
979         1
980         1
981         0
981         1
982         0
982         0
982         0
982         1
983         0
983         1
984         1
985         1
986         0
986         2
988         1
989         1
990         0
990         1
991         0
991         1
992         0
992         1
993         0
993         1
994         0
994         1
995         1
996         0
996         1
997         0
997         1
998         1
999         1
1000         1
1001         1
1002         1
1003         1
1004         0
1004         1
1005         0
1005         0
1005         0
1005         1
1006         1
1007         0
1007         1
1008         1
1009         1
1010         1
1011         0
1011         1
1012         1
1013         0
1013         1
1014         0
1014         1
1015         0
1015         1
1016         1
1017         0
1017         0
1017         0
1017         1
1018         0
1018         1
1019         1
1020         0
1020         0
1020         0
1020         1
1021         1
1022         0
1022         0
1022         0
1022         0
1022         0
1022         1
1023         0
1023         0
1023         0
1023         0
1023         0
