0         7
7         7
14         6
20         6
26         7
33         7
40         5
45         6
51         6
57         5
62         6
68         7
75         6
81         5
86         6
92         5
97         5
102         5
107         6
113         5
118         6
124         5
129         5
134         5
139         5
144         5
149         5
154         5
159         5
164         5
169         6
175         5
180         6
186         5
191         5
196         5
201         6
207         5
212         5
217         5
222         6
228         5
233         6
239         6
245         6
251         6
257         5
262         5
267         5
272         6
278         6
284         7
291         7
298         6
304         7
311         7
318         6
324         7
331         6
337         7
344         6
350         7
357         7
364         7
371         8
379         7
386         8
394         7
401         8
409         7
416         8
424         7
431         7
438         7
445         7
452         6
458         7
465         7
472         6
478         6
484         6
490         7
497         7
504         7
511         6
517         7
524         6
530         5
535         6
541         6
547         6
553         7
560         6
566         6
572         6
578         5
583         6
589         5
594         6
600         5
605         6
611         5
616         5
621         5
626         5
631         5
636         5
641         5
646         5
651         5
656         5
661         5
666         4
670         5
675         4
679         4
683         4
687         4
691         5
696         5
701         4
705         4
709         4
713         4
717         4
721         5
726         4
730         4
734         4
738         3
741         4
745         3
748         4
752         4
756         4
760         4
764         3
767         3
770         3
773         4
777         3
780         3
783         3
786         4
790         3
793         3
796         3
799         2
801         3
804         3
807         3
810         2
812         4
816         3
819         3
822         2
824         3
827         2
829         3
832         2
834         2
836         3
839         2
841         3
844         2
846         3
849         3
852         2
854         2
856         3
859         2
861         2
863         3
866         2
868         2
870         2
872         2
874         2
876         2
878         2
880         2
882         2
884         2
886         2
888         2
890         1
891         2
893         2
895         2
897         2
899         2
901         2
903         1
904         2
906         1
907         1
908         1
909         2
911         1
912         0
912         1
913         1
914         1
915         1
916         1
917         1
918         1
919         1
920         1
921         1
922         1
923         1
924         1
925         1
926         1
927         1
928         1
929         1
930         1
931         0
931         1
932         1
933         1
934         0
934         1
935         1
936         1
937         1
938         1
939         1
940         1
941         0
941         1
942         1
943         0
943         1
944         1
945         0
945         1
946         1
947         0
947         1
948         1
949         1
950         0
950         1
951         0
951         1
952         0
952         1
953         0
953         1
954         1
955         0
955         1
956         0
956         1
957         1
958         0
958         1
959         0
959         1
960         1
961         0
961         1
962         0
962         1
963         1
964         0
964         1
965         0
965         1
966         0
966         1
967         0
967         0
967         1
968         0
968         1
969         1
970         0
970         0
970         1
971         0
971         1
972         0
972         1
973         0
973         1
974         0
974         0
974         0
974         1
975         0
975         1
976         0
976         1
977         0
977         1
978         0
978         1
979         0
979         1
980         0
980         0
980         1
981         0
981         0
981         0
981         1
982         0
982         1
983         0
983         0
983         0
983         1
984         0
984         1
985         0
985         0
985         1
986         0
986         1
987         0
987         0
987         1
988         0
988         0
988         1
989         0
989         0
989         0
989         1
990         0
990         0
990         1
991         0
991         0
991         0
991         1
992         0
992         0
992         0
992         1
993         0
993         0
993         0
993         1
994         0
994         0
994         1
995         0
995         0
995         1
996         0
996         0
996         0
996         1
997         0
997         0
997         1
998         0
998         0
998         0
998         0
998         0
998         1
999         0
999         0
999         0
999         1
1000         0
1000         0
1000         0
1000         1
1001         0
1001         0
1001         0
1001         1
1002         0
1002         0
1002         0
1002         0
1002         1
1003         0
1003         0
1003         1
1004         0
1004         0
1004         0
1004         1
1005         0
1005         0
1005         1
1006         0
1006         0
1006         0
1006         0
1006         0
1006         1
1007         0
1007         0
1007         1
1008         0
1008         0
1008         0
1008         0
1008         1
1009         0
1009         0
1009         1
1010         0
1010         0
1010         0
1010         0
1010         0
1010         0
1010         1
1011         0
1011         0
1011         0
1011         0
1011         0
1011         1
1012         0
1012         0
1012         0
1012         1
1013         0
1013         0
1013         0
1013         1
1014         0
1014         0
1014         0
1014         0
1014         0
1014         0
1014         0
1014         0
1014         1
1015         0
1015         0
1015         0
1015         1
1016         0
1016         0
1016         0
1016         0
1016         0
1016         0
1016         0
1016         0
1016         1
1017         0
1017         0
1017         0
1017         0
1017         0
1017         0
1017         1
1018         0
1018         0
1018         0
1018         0
1018         0
1018         1
1019         0
1019         0
1019         0
1019         0
1019         0
1019         0
1019         0
1019         1
1020         0
1020         0
1020         0
1020         0
1020         1
1021         0
1021         0
1021         0
1021         0
1021         0
1021         0
1021         1
1022         0
1022         0
1022         0
1022         0
1022         0
1022         0
1022         0
1022         0
1022         1
1023         0
1023         0
1023         0
1023         0
1023         0
1023         0
1023         0
1023         0
1023         0
1023         0
1023         0
1023         0
1023         0
1023         0
1023         0
1023         0
