0         53
53         53
106         18
124         17
141         13
154         14
168         11
179         11
190         10
200         9
209         9
218         9
227         8
235         8
243         8
251         7
258         7
265         7
272         6
278         7
285         6
291         7
298         6
304         5
309         5
314         6
320         5
325         5
330         5
335         5
340         5
345         5
350         5
355         5
360         5
365         4
369         5
374         4
378         4
382         4
386         5
391         4
395         4
399         4
403         4
407         5
412         3
415         4
419         3
422         4
426         4
430         4
434         4
438         4
442         3
445         4
449         3
452         4
456         3
459         3
462         4
466         3
469         4
473         3
476         4
480         3
483         3
486         4
490         3
493         4
497         3
500         3
503         3
506         3
509         3
512         3
515         3
518         3
521         3
524         3
527         3
530         3
533         3
536         3
539         3
542         3
545         2
547         3
550         3
553         2
555         3
558         3
561         2
563         3
566         3
569         3
572         2
574         2
576         3
579         2
581         3
584         2
586         2
588         3
591         2
593         2
595         3
598         2
600         2
602         3
605         2
607         2
609         3
612         2
614         2
616         2
618         2
620         2
622         2
624         3
627         2
629         2
631         2
633         2
635         2
637         3
640         2
642         2
644         2
646         2
648         2
650         1
651         2
653         2
655         2
657         2
659         2
661         2
663         2
665         1
666         2
668         2
670         2
672         2
674         2
676         1
677         2
679         2
681         1
682         2
684         2
686         2
688         2
690         2
692         2
694         1
695         2
697         2
699         1
700         1
701         2
703         2
705         2
707         2
709         1
710         2
712         1
713         2
715         1
716         2
718         2
720         2
722         1
723         2
725         1
726         2
728         1
729         2
731         2
733         1
734         2
736         2
738         1
739         1
740         2
742         2
744         1
745         2
747         2
749         1
750         2
752         1
753         1
754         2
756         1
757         1
758         1
759         2
761         1
762         1
763         1
764         1
765         1
766         1
767         1
768         2
770         1
771         1
772         1
773         1
774         2
776         1
777         2
779         1
780         1
781         1
782         1
783         1
784         1
785         1
786         1
787         1
788         1
789         1
790         2
792         1
793         1
794         2
796         1
797         1
798         1
799         1
800         1
801         1
802         1
803         1
804         2
806         1
807         1
808         1
809         1
810         1
811         1
812         1
813         1
814         1
815         0
815         2
817         1
818         1
819         1
820         1
821         1
822         1
823         1
824         1
825         1
826         1
827         1
828         1
829         1
830         2
832         1
833         1
834         1
835         1
836         1
837         1
838         1
839         1
840         1
841         1
842         0
842         1
843         1
844         1
845         2
847         1
848         1
849         1
850         1
851         1
852         0
852         1
853         1
854         1
855         2
857         1
858         1
859         0
859         1
860         0
860         1
861         1
862         1
863         1
864         2
866         1
867         1
868         1
869         2
871         1
872         1
873         0
873         1
874         1
875         1
876         1
877         0
877         1
878         1
879         1
880         1
881         0
881         1
882         1
883         1
884         1
885         1
886         1
887         1
888         1
889         2
891         1
892         1
893         1
894         1
895         0
895         0
895         1
896         0
896         1
897         1
898         1
899         1
900         1
901         0
901         2
903         1
904         0
904         1
905         1
906         1
907         1
908         1
909         0
909         1
910         1
911         1
912         1
913         0
913         1
914         1
915         1
916         1
917         1
918         1
919         0
919         1
920         1
921         1
922         1
923         0
923         1
924         1
925         0
925         1
926         0
926         1
927         1
928         2
930         1
931         1
932         0
932         1
933         2
935         1
936         0
936         1
937         0
937         1
938         0
938         1
939         1
940         1
941         1
942         0
942         2
944         1
945         0
945         1
946         1
947         2
949         1
950         1
951         0
951         1
952         0
952         0
952         0
952         1
953         1
954         1
955         1
956         1
957         0
957         1
958         1
959         2
961         1
962         1
963         0
963         1
964         0
964         1
965         0
965         1
966         0
966         1
967         0
967         1
968         0
968         1
969         1
970         1
971         1
972         1
973         1
974         1
975         1
976         1
977         1
978         0
978         1
979         0
979         0
979         0
979         1
980         0
980         1
981         1
982         1
983         1
984         1
985         1
986         1
987         1
988         0
988         1
989         0
989         1
990         0
990         1
991         0
991         1
992         1
993         0
993         1
994         1
995         0
995         1
996         1
997         1
998         1
999         1
1000         1
1001         1
1002         1
1003         0
1003         0
1003         0
1003         1
1004         0
1004         1
1005         1
1006         1
1007         1
1008         1
1009         0
1009         1
1010         1
1011         1
1012         0
1012         1
1013         0
1013         1
1014         1
1015         0
1015         1
1016         0
1016         0
1016         0
1016         1
1017         1
1018         1
1019         0
1019         1
1020         0
1020         0
1020         1
1021         1
1022         0
1022         0
1022         0
1022         0
1022         0
1022         1
1023         0
1023         0
1023         0
1023         0
1023         0
