0         9
9         9
18         7
25         8
33         8
41         9
50         7
57         7
64         6
70         7
77         7
84         7
91         7
98         7
105         6
111         6
117         5
122         6
128         6
134         6
140         6
146         6
152         6
158         5
163         5
168         5
173         6
179         5
184         5
189         6
195         5
200         6
206         5
211         6
217         5
222         5
227         5
232         6
238         5
243         5
248         5
253         6
259         5
264         6
270         6
276         6
282         4
286         5
291         5
296         6
302         6
308         6
314         6
320         7
327         6
333         6
339         6
345         6
351         6
357         6
363         6
369         6
375         7
382         6
388         7
395         7
402         6
408         7
415         7
422         6
428         7
435         7
442         6
448         6
454         6
460         6
466         6
472         6
478         6
484         5
489         6
495         6
501         6
507         6
513         6
519         6
525         5
530         5
535         6
541         5
546         6
552         5
557         6
563         5
568         5
573         6
579         4
583         5
588         5
593         5
598         5
603         5
608         4
612         5
617         4
621         5
626         4
630         5
635         4
639         5
644         4
648         5
653         4
657         4
661         4
665         3
668         4
672         4
676         4
680         5
685         3
688         4
692         3
695         4
699         4
703         4
707         4
711         4
715         3
718         3
721         3
724         3
727         4
731         3
734         4
738         4
742         2
744         3
747         3
750         4
754         3
757         2
759         3
762         4
766         3
769         2
771         3
774         2
776         3
779         3
782         2
784         3
787         3
790         3
793         2
795         3
798         2
800         3
803         2
805         2
807         2
809         2
811         3
814         2
816         3
819         2
821         3
824         2
826         2
828         2
830         3
833         2
835         2
837         2
839         2
841         2
843         2
845         2
847         2
849         2
851         2
853         2
855         2
857         2
859         2
861         1
862         2
864         2
866         2
868         2
870         2
872         2
874         2
876         1
877         1
878         1
879         1
880         2
882         1
883         1
884         1
885         0
885         1
886         1
887         1
888         2
890         1
891         1
892         1
893         1
894         1
895         1
896         1
897         1
898         1
899         1
900         1
901         1
902         1
903         0
903         1
904         1
905         1
906         1
907         0
907         1
908         1
909         2
911         1
912         0
912         1
913         1
914         1
915         1
916         0
916         1
917         1
918         1
919         0
919         1
920         1
921         1
922         1
923         0
923         1
924         0
924         1
925         1
926         0
926         1
927         1
928         1
929         0
929         1
930         0
930         1
931         1
932         0
932         1
933         1
934         0
934         1
935         1
936         0
936         1
937         1
938         1
939         0
939         1
940         1
941         0
941         1
942         0
942         1
943         0
943         1
944         1
945         0
945         1
946         1
947         0
947         0
947         1
948         1
949         0
949         1
950         1
951         0
951         1
952         0
952         0
952         0
952         1
953         0
953         1
954         1
955         0
955         1
956         1
957         0
957         1
958         1
959         0
959         0
959         1
960         0
960         1
961         0
961         0
961         1
962         1
963         0
963         0
963         1
964         0
964         1
965         0
965         0
965         1
966         0
966         1
967         0
967         1
968         1
969         0
969         1
970         0
970         0
970         1
971         0
971         0
971         1
972         0
972         1
973         0
973         0
973         1
974         0
974         1
975         0
975         0
975         1
976         0
976         0
976         1
977         0
977         0
977         1
978         0
978         1
979         0
979         1
980         0
980         0
980         1
981         0
981         1
982         0
982         0
982         1
983         0
983         0
983         1
984         0
984         0
984         1
985         0
985         0
985         0
985         1
986         0
986         1
987         0
987         0
987         1
988         0
988         1
989         0
989         0
989         0
989         1
990         0
990         0
990         1
991         0
991         1
992         0
992         0
992         1
993         0
993         0
993         1
994         0
994         1
995         0
995         1
996         0
996         0
996         0
996         0
996         1
997         0
997         1
998         0
998         0
998         0
998         1
999         0
999         1
1000         0
1000         1
1001         0
1001         0
1001         0
1001         1
1002         0
1002         0
1002         0
1002         1
1003         0
1003         0
1003         0
1003         1
1004         0
1004         0
1004         1
1005         0
1005         0
1005         1
1006         0
1006         1
1007         0
1007         0
1007         0
1007         0
1007         0
1007         0
1007         1
1008         0
1008         0
1008         1
1009         0
1009         0
1009         1
1010         0
1010         0
1010         1
1011         0
1011         0
1011         0
1011         0
1011         1
1012         0
1012         0
1012         0
1012         0
1012         1
1013         0
1013         0
1013         0
1013         1
1014         0
1014         1
1015         0
1015         0
1015         0
1015         1
1016         0
1016         0
1016         0
1016         0
1016         0
1016         1
1017         0
1017         0
1017         1
1018         0
1018         0
1018         1
1019         0
1019         0
1019         0
1019         1
1020         0
1020         0
1020         0
1020         0
1020         1
1021         0
1021         0
1021         0
1021         0
1021         0
1021         1
1022         0
1022         0
1022         0
1022         0
1022         0
1022         0
1022         1
1023         0
1023         0
1023         0
1023         0
1023         0
1023         0
1023         0
1023         0
1023         0
1023         0
1023         0
