0         2
2         2
4         2
6         2
8         2
10         2
12         2
14         2
16         2
18         2
20         2
22         2
24         2
26         2
28         2
30         2
32         2
34         2
36         2
38         2
40         2
42         2
44         2
46         2
48         2
50         2
52         2
54         2
56         2
58         2
60         2
62         2
64         2
66         2
68         2
70         2
72         2
74         2
76         2
78         2
80         2
82         2
84         2
86         2
88         2
90         2
92         2
94         2
96         2
98         2
100         2
102         2
104         2
106         2
108         2
110         2
112         2
114         2
116         2
118         2
120         2
122         2
124         2
126         2
128         2
130         2
132         2
134         2
136         2
138         2
140         2
142         2
144         2
146         2
148         2
150         2
152         2
154         2
156         2
158         2
160         2
162         2
164         2
166         2
168         2
170         3
173         2
175         2
177         2
179         2
181         2
183         2
185         2
187         2
189         2
191         2
193         2
195         2
197         2
199         2
201         2
203         2
205         2
207         2
209         2
211         2
213         2
215         2
217         2
219         2
221         2
223         2
225         2
227         2
229         2
231         2
233         2
235         2
237         2
239         2
241         2
243         2
245         2
247         2
249         2
251         2
253         2
255         1
256         2
258         2
260         2
262         2
264         2
266         2
268         2
270         2
272         2
274         2
276         2
278         2
280         2
282         2
284         2
286         2
288         2
290         2
292         2
294         2
296         2
298         2
300         2
302         2
304         2
306         2
308         2
310         2
312         2
314         2
316         2
318         2
320         2
322         2
324         2
326         2
328         2
330         2
332         2
334         2
336         2
338         2
340         2
342         2
344         2
346         2
348         2
350         2
352         2
354         2
356         2
358         2
360         2
362         2
364         2
366         2
368         2
370         2
372         2
374         2
376         2
378         2
380         2
382         2
384         2
386         2
388         2
390         2
392         2
394         2
396         2
398         2
400         2
402         2
404         2
406         2
408         2
410         2
412         2
414         2
416         2
418         2
420         2
422         2
424         2
426         2
428         2
430         2
432         2
434         2
436         2
438         2
440         2
442         2
444         2
446         2
448         2
450         2
452         2
454         2
456         2
458         2
460         2
462         2
464         2
466         2
468         2
470         2
472         2
474         2
476         2
478         2
480         2
482         2
484         2
486         2
488         2
490         2
492         2
494         2
496         2
498         2
500         2
502         2
504         2
506         2
508         2
510         3
513         2
515         2
517         2
519         2
521         2
523         2
525         2
527         2
529         2
531         2
533         2
535         2
537         2
539         2
541         2
543         2
545         2
547         2
549         2
551         2
553         2
555         2
557         2
559         2
561         2
563         2
565         2
567         2
569         2
571         2
573         2
575         2
577         2
579         2
581         2
583         2
585         2
587         2
589         2
591         2
593         2
595         2
597         2
599         2
601         2
603         2
605         2
607         2
609         2
611         2
613         2
615         2
617         2
619         2
621         2
623         2
625         2
627         2
629         2
631         2
633         2
635         2
637         2
639         2
641         2
643         2
645         2
647         2
649         2
651         2
653         2
655         2
657         2
659         2
661         2
663         2
665         2
667         2
669         2
671         2
673         2
675         2
677         2
679         2
681         2
683         2
685         2
687         2
689         2
691         2
693         2
695         2
697         2
699         2
701         2
703         2
705         2
707         2
709         2
711         2
713         2
715         2
717         2
719         2
721         2
723         2
725         2
727         2
729         2
731         2
733         2
735         2
737         2
739         2
741         2
743         2
745         2
747         2
749         2
751         2
753         2
755         2
757         2
759         2
761         2
763         2
765         2
767         1
768         2
770         2
772         2
774         2
776         2
778         2
780         2
782         2
784         2
786         2
788         2
790         2
792         2
794         2
796         2
798         2
800         2
802         2
804         2
806         2
808         2
810         2
812         2
814         2
816         2
818         2
820         2
822         2
824         2
826         2
828         2
830         2
832         2
834         2
836         2
838         2
840         2
842         2
844         2
846         2
848         2
850         3
853         2
855         2
857         2
859         2
861         2
863         2
865         2
867         2
869         2
871         2
873         2
875         2
877         2
879         2
881         2
883         2
885         2
887         2
889         2
891         2
893         2
895         2
897         2
899         2
901         2
903         2
905         2
907         2
909         2
911         2
913         2
915         2
917         2
919         2
921         2
923         2
925         2
927         2
929         2
931         2
933         2
935         2
937         2
939         2
941         2
943         2
945         2
947         2
949         2
951         2
953         2
955         2
957         2
959         2
961         2
963         2
965         2
967         2
969         2
971         2
973         2
975         2
977         2
979         2
981         2
983         2
985         2
987         2
989         2
991         2
993         2
995         2
997         2
999         2
1001         2
1003         2
1005         2
1007         2
1009         2
1011         2
1013         2
1015         2
1017         2
1019         2
1021         2
1023         0
