0         66
66         65
131         20
151         19
170         13
183         14
197         11
208         12
220         9
229         10
239         8
247         9
256         8
264         8
272         7
279         7
286         6
292         7
299         6
305         6
311         6
317         6
323         6
329         5
334         5
339         5
344         5
349         5
354         5
359         5
364         5
369         4
373         5
378         5
383         4
387         4
391         4
395         4
399         4
403         4
407         4
411         4
415         4
419         4
423         3
426         4
430         4
434         3
437         3
440         3
443         4
447         3
450         4
454         4
458         3
461         3
464         3
467         3
470         3
473         3
476         3
479         4
483         3
486         3
489         3
492         3
495         3
498         3
501         3
504         3
507         3
510         2
512         3
515         3
518         3
521         2
523         3
526         3
529         2
531         3
534         2
536         3
539         3
542         2
544         3
547         3
550         2
552         2
554         3
557         2
559         3
562         2
564         2
566         3
569         2
571         3
574         2
576         2
578         2
580         3
583         2
585         2
587         2
589         2
591         2
593         2
595         3
598         2
600         2
602         2
604         2
606         2
608         2
610         2
612         2
614         2
616         2
618         2
620         2
622         2
624         2
626         2
628         2
630         2
632         2
634         2
636         2
638         2
640         1
641         2
643         2
645         2
647         1
648         2
650         2
652         2
654         2
656         1
657         2
659         1
660         2
662         2
664         2
666         2
668         1
669         2
671         1
672         2
674         1
675         2
677         2
679         2
681         2
683         2
685         1
686         2
688         1
689         2
691         1
692         1
693         2
695         2
697         2
699         1
700         2
702         1
703         2
705         1
706         1
707         2
709         2
711         1
712         2
714         1
715         2
717         1
718         1
719         2
721         2
723         1
724         2
726         1
727         2
729         1
730         1
731         2
733         2
735         1
736         2
738         1
739         1
740         2
742         1
743         1
744         1
745         1
746         2
748         1
749         1
750         2
752         1
753         1
754         0
754         1
755         2
757         1
758         2
760         1
761         1
762         1
763         1
764         2
766         1
767         2
769         1
770         1
771         1
772         1
773         1
774         1
775         1
776         1
777         1
778         1
779         2
781         1
782         1
783         2
785         1
786         2
788         1
789         1
790         1
791         1
792         1
793         1
794         1
795         1
796         1
797         1
798         1
799         2
801         1
802         1
803         1
804         0
804         1
805         1
806         1
807         1
808         2
810         1
811         1
812         1
813         1
814         1
815         1
816         1
817         1
818         2
820         1
821         1
822         1
823         1
824         1
825         2
827         1
828         1
829         1
830         1
831         1
832         0
832         1
833         1
834         1
835         1
836         1
837         2
839         1
840         1
841         1
842         1
843         0
843         1
844         1
845         2
847         1
848         1
849         1
850         1
851         0
851         1
852         0
852         1
853         2
855         1
856         1
857         1
858         2
860         1
861         1
862         2
864         1
865         0
865         1
866         1
867         1
868         1
869         0
869         1
870         1
871         1
872         1
873         0
873         1
874         2
876         1
877         0
877         1
878         2
880         1
881         1
882         1
883         2
885         1
886         1
887         0
887         1
888         0
888         1
889         0
889         1
890         0
890         2
892         1
893         1
894         0
894         2
896         1
897         1
898         0
898         2
900         1
901         0
901         1
902         1
903         0
903         2
905         1
906         0
906         1
907         1
908         1
909         1
910         0
910         1
911         1
912         1
913         1
914         1
915         1
916         1
917         0
917         1
918         1
919         0
919         1
920         1
921         0
921         2
923         1
924         1
925         1
926         1
927         1
928         1
929         1
930         1
931         0
931         1
932         1
933         0
933         1
934         1
935         1
936         1
937         0
937         2
939         1
940         1
941         0
941         2
943         1
944         1
945         1
946         1
947         0
947         0
947         0
947         1
948         0
948         2
950         1
951         1
952         1
953         0
953         1
954         2
956         1
957         1
958         1
959         1
960         0
960         1
961         0
961         1
962         0
962         0
962         1
963         0
963         1
964         1
965         0
965         1
966         1
967         2
969         1
970         1
971         0
971         2
973         1
974         1
975         0
975         1
976         0
976         0
976         0
976         1
977         0
977         1
978         1
979         1
980         1
981         1
982         2
984         1
985         0
985         1
986         0
986         1
987         0
987         1
988         0
988         1
989         1
990         0
990         1
991         1
992         0
992         1
993         1
994         1
995         2
997         0
997         1
998         1
999         2
1001         0
1001         1
1002         0
1002         0
1002         0
1002         1
1003         1
1004         0
1004         2
1006         1
1007         1
1008         0
1008         1
1009         1
1010         1
1011         0
1011         1
1012         1
1013         0
1013         1
1014         0
1014         1
1015         0
1015         0
1015         1
1016         0
1016         1
1017         1
1018         1
1019         1
1020         0
1020         0
1020         1
1021         0
1021         0
1021         0
1021         0
1021         0
1021         1
1022         1
1023         0
1023         0
1023         0
1023         0
1023         0
