0         79
79         78
157         21
178         20
198         14
212         14
226         12
238         11
249         10
259         9
268         8
276         8
284         8
292         8
300         7
307         6
313         7
320         6
326         6
332         5
337         6
343         6
349         5
354         6
360         4
364         5
369         5
374         4
378         5
383         5
388         4
392         4
396         5
401         4
405         4
409         4
413         4
417         4
421         3
424         4
428         3
431         4
435         3
438         4
442         3
445         4
449         3
452         3
455         3
458         3
461         3
464         3
467         3
470         4
474         3
477         3
480         2
482         3
485         3
488         2
490         3
493         3
496         3
499         2
501         3
504         3
507         2
509         3
512         3
515         2
517         3
520         2
522         2
524         3
527         2
529         3
532         2
534         2
536         3
539         2
541         2
543         3
546         2
548         2
550         2
552         3
555         2
557         2
559         2
561         2
563         2
565         2
567         3
570         2
572         2
574         2
576         2
578         2
580         2
582         2
584         2
586         2
588         2
590         1
591         2
593         2
595         2
597         2
599         2
601         2
603         2
605         2
607         2
609         1
610         2
612         2
614         1
615         2
617         2
619         2
621         2
623         2
625         1
626         2
628         2
630         2
632         2
634         1
635         2
637         2
639         2
641         1
642         2
644         1
645         2
647         1
648         2
650         1
651         2
653         2
655         1
656         2
658         1
659         2
661         2
663         1
664         1
665         2
667         1
668         2
670         2
672         2
674         1
675         2
677         2
679         1
680         1
681         2
683         1
684         1
685         2
687         2
689         1
690         2
692         1
693         2
695         1
696         1
697         1
698         2
700         1
701         2
703         1
704         2
706         1
707         1
708         2
710         1
711         2
713         1
714         2
716         1
717         1
718         1
719         2
721         1
722         2
724         1
725         2
727         1
728         1
729         1
730         2
732         1
733         1
734         1
735         1
736         2
738         1
739         1
740         1
741         1
742         1
743         1
744         1
745         2
747         1
748         1
749         2
751         1
752         1
753         2
755         1
756         1
757         1
758         1
759         1
760         1
761         1
762         2
764         1
765         1
766         1
767         1
768         2
770         1
771         1
772         2
774         2
776         1
777         1
778         1
779         1
780         1
781         1
782         1
783         1
784         1
785         2
787         1
788         1
789         1
790         1
791         1
792         1
793         1
794         1
795         1
796         1
797         1
798         1
799         2
801         1
802         0
802         2
804         1
805         1
806         1
807         2
809         1
810         1
811         1
812         2
814         1
815         1
816         1
817         1
818         1
819         1
820         1
821         1
822         1
823         1
824         1
825         1
826         1
827         1
828         1
829         2
831         1
832         1
833         0
833         1
834         1
835         1
836         2
838         1
839         1
840         1
841         1
842         0
842         1
843         1
844         1
845         1
846         1
847         1
848         2
850         1
851         2
853         1
854         1
855         1
856         1
857         1
858         1
859         1
860         1
861         0
861         2
863         0
863         1
864         1
865         1
866         0
866         2
868         1
869         1
870         1
871         1
872         2
874         1
875         1
876         1
877         1
878         1
879         1
880         1
881         0
881         0
881         1
882         0
882         1
883         2
885         1
886         0
886         1
887         2
889         1
890         1
891         1
892         1
893         1
894         1
895         0
895         1
896         1
897         1
898         1
899         1
900         1
901         1
902         1
903         0
903         1
904         1
905         1
906         1
907         1
908         1
909         1
910         1
911         0
911         1
912         1
913         0
913         1
914         1
915         1
916         1
917         1
918         2
920         1
921         1
922         1
923         1
924         1
925         1
926         0
926         1
927         0
927         1
928         1
929         1
930         1
931         1
932         1
933         1
934         1
935         1
936         1
937         1
938         1
939         2
941         1
942         0
942         1
943         0
943         0
943         0
943         1
944         1
945         2
947         1
948         0
948         1
949         1
950         2
952         1
953         1
954         1
955         1
956         0
956         1
957         0
957         1
958         0
958         1
959         0
959         1
960         0
960         1
961         1
962         1
963         1
964         1
965         2
967         0
967         1
968         2
970         1
971         1
972         1
973         0
973         0
973         0
973         0
973         1
974         0
974         1
975         1
976         1
977         1
978         2
980         1
981         1
982         1
983         0
983         1
984         0
984         1
985         1
986         0
986         1
987         0
987         1
988         1
989         0
989         1
990         1
991         1
992         1
993         2
995         0
995         1
996         2
998         1
999         1
1000         0
1000         0
1000         0
1000         1
1001         0
1001         1
1002         1
1003         1
1004         1
1005         1
1006         1
1007         1
1008         1
1009         0
1009         1
1010         1
1011         1
1012         0
1012         1
1013         1
1014         0
1014         0
1014         0
1014         1
1015         1
1016         1
1017         1
1018         0
1018         1
1019         0
1019         0
1019         1
1020         1
1021         0
1021         0
1021         0
1021         0
1021         1
1022         1
1023         0
1023         0
1023         0
1023         0
1023         0
