0         13
13         12
25         12
37         11
48         11
59         11
70         9
79         10
89         9
98         9
107         9
116         8
124         8
132         9
141         7
148         7
155         8
163         7
170         7
177         7
184         7
191         7
198         6
204         6
210         6
216         6
222         5
227         6
233         6
239         6
245         5
250         6
256         6
262         6
268         5
273         5
278         6
284         5
289         5
294         5
299         5
304         5
309         6
315         5
320         6
326         5
331         5
336         4
340         5
345         5
350         5
355         5
360         6
366         5
371         5
376         5
381         5
386         5
391         5
396         5
401         5
406         5
411         5
416         6
422         5
427         5
432         5
437         6
443         5
448         5
453         5
458         6
464         4
468         5
473         5
478         4
482         5
487         5
492         4
496         4
500         5
505         4
509         5
514         5
519         4
523         5
528         4
532         4
536         4
540         4
544         4
548         5
553         4
557         4
561         4
565         4
569         4
573         3
576         4
580         4
584         4
588         3
591         4
595         4
599         3
602         3
605         4
609         3
612         4
616         3
619         4
623         3
626         4
630         3
633         3
636         3
639         3
642         3
645         3
648         4
652         3
655         3
658         2
660         3
663         4
667         3
670         3
673         3
676         3
679         2
681         3
684         2
686         3
689         3
692         3
695         2
697         3
700         2
702         3
705         2
707         3
710         2
712         3
715         2
717         3
720         2
722         2
724         2
726         3
729         2
731         2
733         2
735         3
738         2
740         3
743         2
745         2
747         2
749         2
751         2
753         2
755         2
757         2
759         2
761         2
763         2
765         2
767         3
770         2
772         2
774         2
776         2
778         2
780         2
782         2
784         1
785         2
787         2
789         2
791         2
793         2
795         2
797         2
799         2
801         1
802         2
804         2
806         2
808         2
810         2
812         2
814         2
816         2
818         1
819         1
820         1
821         2
823         1
824         1
825         1
826         1
827         1
828         1
829         1
830         1
831         2
833         1
834         1
835         1
836         1
837         1
838         2
840         1
841         1
842         1
843         1
844         1
845         1
846         1
847         1
848         0
848         1
849         1
850         1
851         1
852         1
853         1
854         2
856         1
857         1
858         1
859         1
860         1
861         1
862         0
862         1
863         1
864         1
865         1
866         1
867         1
868         1
869         1
870         1
871         0
871         1
872         1
873         1
874         0
874         1
875         1
876         1
877         1
878         0
878         1
879         1
880         1
881         1
882         1
883         1
884         0
884         1
885         1
886         1
887         1
888         1
889         1
890         1
891         1
892         1
893         0
893         1
894         0
894         1
895         1
896         1
897         1
898         1
899         1
900         0
900         1
901         1
902         0
902         1
903         1
904         1
905         1
906         1
907         0
907         1
908         0
908         1
909         0
909         1
910         1
911         1
912         1
913         1
914         0
914         1
915         1
916         1
917         1
918         0
918         1
919         1
920         0
920         1
921         0
921         1
922         1
923         0
923         1
924         0
924         1
925         1
926         0
926         1
927         0
927         1
928         1
929         1
930         1
931         1
932         1
933         0
933         1
934         1
935         0
935         0
935         1
936         0
936         1
937         1
938         0
938         1
939         0
939         1
940         1
941         0
941         1
942         1
943         0
943         1
944         0
944         1
945         0
945         1
946         1
947         0
947         1
948         1
949         0
949         1
950         0
950         1
951         1
952         0
952         1
953         1
954         0
954         1
955         0
955         1
956         0
956         1
957         0
957         0
957         1
958         1
959         1
960         0
960         1
961         1
962         0
962         1
963         1
964         0
964         0
964         1
965         0
965         1
966         0
966         1
967         1
968         0
968         1
969         1
970         0
970         1
971         0
971         1
972         1
973         1
974         1
975         0
975         0
975         0
975         0
975         1
976         0
976         1
977         1
978         0
978         1
979         0
979         1
980         1
981         0
981         1
982         1
983         0
983         1
984         0
984         1
985         0
985         0
985         1
986         0
986         1
987         0
987         1
988         0
988         0
988         1
989         1
990         0
990         1
991         0
991         1
992         1
993         0
993         1
994         0
994         0
994         0
994         1
995         0
995         0
995         1
996         1
997         0
997         1
998         1
999         0
999         1
1000         0
1000         1
1001         0
1001         0
1001         1
1002         0
1002         1
1003         0
1003         0
1003         1
1004         0
1004         1
1005         0
1005         1
1006         0
1006         1
1007         1
1008         0
1008         0
1008         1
1009         1
1010         0
1010         1
1011         0
1011         0
1011         0
1011         1
1012         0
1012         0
1012         1
1013         1
1014         0
1014         1
1015         0
1015         1
1016         0
1016         1
1017         0
1017         0
1017         1
1018         0
1018         1
1019         0
1019         0
1019         0
1019         0
1019         1
1020         0
1020         1
1021         0
1021         0
1021         0
1021         0
1021         1
1022         0
1022         0
1022         0
1022         0
1022         0
1022         1
1023         0
1023         0
1023         0
1023         0
1023         0
1023         0
