0         27
27         28
55         14
69         15
84         13
97         12
109         11
120         11
131         10
141         10
151         9
160         9
169         9
178         9
187         8
195         7
202         8
210         8
218         7
225         7
232         7
239         7
246         7
253         6
259         6
265         5
270         6
276         6
282         6
288         5
293         6
299         6
305         5
310         6
316         5
321         4
325         6
331         5
336         5
341         4
345         5
350         5
355         5
360         5
365         5
370         4
374         4
378         5
383         4
387         4
391         5
396         4
400         5
405         5
410         4
414         4
418         4
422         4
426         4
430         4
434         5
439         4
443         4
447         4
451         4
455         4
459         4
463         5
468         4
472         4
476         4
480         4
484         4
488         3
491         4
495         4
499         3
502         4
506         3
509         4
513         3
516         4
520         3
523         4
527         4
531         3
534         4
538         3
541         3
544         3
547         4
551         3
554         3
557         3
560         3
563         4
567         3
570         2
572         3
575         4
579         2
581         3
584         3
587         3
590         3
593         2
595         3
598         3
601         3
604         2
606         3
609         3
612         3
615         3
618         2
620         2
622         3
625         2
627         3
630         2
632         3
635         2
637         3
640         2
642         3
645         2
647         3
650         2
652         3
655         2
657         2
659         2
661         2
663         2
665         3
668         2
670         2
672         2
674         2
676         2
678         2
680         2
682         3
685         2
687         2
689         2
691         2
693         1
694         2
696         2
698         2
700         2
702         2
704         3
707         2
709         2
711         2
713         1
714         2
716         1
717         2
719         2
721         2
723         2
725         2
727         2
729         2
731         2
733         1
734         2
736         2
738         2
740         2
742         2
744         1
745         2
747         2
749         1
750         2
752         2
754         2
756         2
758         2
760         1
761         2
763         2
765         2
767         2
769         1
770         2
772         2
774         2
776         1
777         2
779         1
780         1
781         1
782         2
784         1
785         1
786         1
787         1
788         1
789         1
790         1
791         2
793         1
794         1
795         1
796         1
797         1
798         2
800         1
801         1
802         1
803         1
804         1
805         1
806         1
807         1
808         1
809         1
810         1
811         2
813         1
814         1
815         1
816         2
818         1
819         1
820         1
821         1
822         1
823         1
824         1
825         1
826         1
827         1
828         1
829         1
830         1
831         1
832         1
833         1
834         1
835         0
835         1
836         1
837         1
838         1
839         1
840         1
841         1
842         1
843         1
844         1
845         1
846         1
847         1
848         1
849         1
850         1
851         1
852         1
853         1
854         1
855         1
856         1
857         1
858         1
859         1
860         0
860         1
861         1
862         1
863         1
864         1
865         1
866         1
867         1
868         1
869         1
870         0
870         1
871         1
872         1
873         1
874         2
876         0
876         1
877         0
877         1
878         1
879         1
880         1
881         1
882         1
883         1
884         1
885         1
886         1
887         1
888         1
889         1
890         0
890         1
891         1
892         1
893         0
893         1
894         1
895         1
896         0
896         1
897         1
898         1
899         1
900         0
900         1
901         1
902         1
903         1
904         1
905         1
906         1
907         1
908         1
909         0
909         1
910         0
910         1
911         0
911         1
912         1
913         1
914         1
915         0
915         1
916         1
917         1
918         1
919         1
920         1
921         0
921         1
922         0
922         1
923         1
924         1
925         0
925         1
926         1
927         1
928         0
928         1
929         1
930         1
931         1
932         0
932         1
933         1
934         1
935         0
935         1
936         0
936         1
937         0
937         1
938         1
939         1
940         1
941         1
942         1
943         0
943         1
944         1
945         1
946         0
946         1
947         0
947         1
948         0
948         1
949         1
950         1
951         1
952         0
952         1
953         1
954         1
955         1
956         1
957         1
958         1
959         1
960         0
960         1
961         0
961         0
961         0
961         1
962         1
963         1
964         0
964         1
965         1
966         0
966         1
967         1
968         1
969         1
970         1
971         0
971         1
972         0
972         1
973         0
973         1
974         0
974         1
975         0
975         1
976         0
976         1
977         1
978         1
979         1
980         0
980         1
981         1
982         1
983         1
984         0
984         1
985         0
985         0
985         0
985         1
986         0
986         1
987         1
988         1
989         0
989         1
990         2
992         0
992         1
993         0
993         1
994         0
994         1
995         0
995         1
996         0
996         1
997         0
997         1
998         0
998         1
999         0
999         1
1000         1
1001         1
1002         1
1003         0
1003         1
1004         1
1005         1
1006         0
1006         0
1006         0
1006         1
1007         1
1008         0
1008         1
1009         1
1010         1
1011         0
1011         1
1012         0
1012         1
1013         1
1014         0
1014         1
1015         0
1015         1
1016         0
1016         1
1017         0
1017         0
1017         0
1017         1
1018         0
1018         1
1019         1
1020         0
1020         1
1021         0
1021         0
1021         0
1021         1
1022         0
1022         0
1022         0
1022         0
1022         0
1022         1
1023         0
1023         0
1023         0
1023         0
1023         0
