0         0
12         12
23         11
35         12
47         12
59         12
71         12
82         11
92         10
102         10
111         9
121         10
131         10
140         9
149         9
157         8
165         8
173         8
181         8
189         8
197         8
204         7
210         6
218         8
225         7
231         6
236         5
243         7
249         6
255         6
261         6
267         6
273         6
279         6
285         6
291         6
296         5
301         5
306         5
312         6
317         5
322         5
327         5
332         5
337         5
342         5
347         5
352         5
357         5
362         5
367         5
372         5
376         4
382         6
387         5
392         5
396         4
401         5
405         4
411         6
416         5
421         5
425         4
429         4
433         4
438         5
443         5
448         5
452         4
457         5
461         4
466         5
471         5
476         5
480         4
484         4
487         3
492         5
496         4
500         4
504         4
508         4
512         4
516         4
519         3
524         5
528         4
532         4
536         4
539         3
542         3
546         4
550         4
554         4
557         3
561         4
564         3
568         4
571         3
575         4
578         3
581         3
584         3
588         4
591         3
594         3
597         3
600         3
603         3
607         4
610         3
613         3
615         2
619         4
622         3
625         3
627         2
630         3
633         3
636         3
638         2
641         3
644         3
647         3
649         2
652         3
655         3
658         3
660         2
662         2
664         2
667         3
670         3
673         3
675         2
678         3
680         2
683         3
685         2
687         2
689         2
692         3
694         2
696         2
698         2
701         3
703         2
705         2
706         1
709         3
711         2
713         2
715         2
717         2
719         2
721         2
723         2
726         3
728         2
730         2
731         1
733         2
735         2
737         2
739         2
742         3
744         2
746         2
747         1
750         3
752         2
754         2
756         2
758         2
760         2
762         2
763         1
765         2
767         2
769         2
771         2
773         2
775         2
777         2
778         1
780         2
782         2
784         2
786         2
788         2
790         2
792         2
793         1
795         2
796         1
797         1
798         1
800         2
801         1
802         1
803         1
805         2
806         1
807         1
808         1
810         2
811         1
812         1
813         1
814         1
815         1
817         2
818         1
819         1
820         1
821         1
822         1
823         1
824         1
825         1
826         1
827         1
828         1
829         1
830         1
831         1
832         1
834         2
835         1
836         1
837         1
838         1
839         1
840         1
841         1
842         1
843         1
844         1
844         0
845         1
846         1
847         1
848         1
849         1
850         1
851         1
852         1
853         1
854         1
855         1
856         1
857         1
858         1
859         1
859         0
860         1
861         1
862         1
863         1
864         1
865         1
866         1
866         0
867         1
868         1
869         1
870         1
871         1
872         1
874         2
875         1
876         1
876         0
877         1
878         1
879         1
880         1
881         1
882         1
883         1
883         0
884         1
884         0
885         1
886         1
887         1
888         1
889         1
890         1
891         1
891         0
892         1
893         1
894         1
895         1
896         1
896         0
897         1
897         0
898         1
899         1
900         1
901         1
902         1
902         0
903         1
904         1
905         1
905         0
906         1
907         1
908         1
908         0
909         1
909         0
910         1
911         1
912         1
912         0
913         1
914         1
916         2
917         1
918         1
918         0
919         1
920         1
920         0
920         0
921         1
922         1
923         1
923         0
924         1
925         1
926         1
926         0
927         1
928         1
929         1
929         0
930         1
930         0
931         1
931         0
932         1
933         1
934         1
934         0
936         2
937         1
938         1
938         0
939         1
939         0
940         1
940         0
941         1
941         0
942         1
943         1
944         1
944         0
945         1
946         1
947         1
947         0
948         1
948         0
949         1
950         1
951         1
951         0
952         1
952         0
953         1
954         1
955         1
955         0
956         1
956         0
957         1
958         1
959         1
959         0
959         0
959         0
960         1
961         1
962         1
962         0
963         1
964         1
965         1
966         1
967         1
967         0
968         1
968         0
968         0
968         0
969         1
970         1
971         1
971         0
972         1
972         0
973         1
974         1
975         1
976         1
977         1
977         0
978         1
978         0
978         0
978         0
979         1
980         1
981         1
981         0
982         1
982         0
983         1
983         0
984         1
984         0
986         2
987         1
987         0
987         0
988         1
988         0
989         1
989         0
990         1
990         0
991         1
991         0
992         1
993         1
994         1
994         0
995         1
995         0
996         1
996         0
997         1
997         0
998         1
998         0
999         1
999         0
1000         1
1001         1
1002         1
1002         0
1003         1
1003         0
1003         0
1003         0
1004         1
1005         1
1006         1
1006         0
1007         1
1007         0
1008         1
1008         0
1009         1
1009         0
1010         1
1010         0
1011         1
1011         0
1012         1
1012         0
1013         1
1013         0
1014         1
1014         0
1015         1
1015         0
1016         1
1016         0
1017         1
1017         0
1018         1
1018         0
1019         1
1019         0
1019         0
1019         0
1020         1
1020         0
1021         1
1021         0
1021         0
1021         0
1022         1
1022         0
1022         0
1022         0
1022         0
1022         0
1023         1
1023         0
1023         0
1023         0
1023         0
1023         0
1023         0
