0         0
29         29
57         28
72         15
86         14
99         13
112         13
122         10
131         9
141         10
150         9
160         10
170         10
178         8
186         8
194         8
202         8
210         8
218         8
226         8
233         7
239         6
245         6
252         7
258         6
265         7
272         7
277         5
282         5
290         8
297         7
303         6
309         6
314         5
319         5
325         6
330         5
335         5
340         5
345         5
350         5
355         5
359         4
365         6
370         5
375         5
380         5
384         4
388         4
393         5
397         4
402         5
407         5
411         4
414         3
418         4
422         4
426         4
430         4
435         5
440         5
443         3
446         3
450         4
453         3
458         5
463         5
467         4
470         3
473         3
476         3
480         4
484         4
487         3
490         3
492         2
494         2
498         4
501         3
504         3
507         3
512         5
517         5
519         2
521         2
524         3
527         3
531         4
534         3
536         2
538         2
541         3
544         3
547         3
550         3
552         2
554         2
558         4
561         3
563         2
565         2
569         4
573         4
575         2
577         2
580         3
583         3
585         2
587         2
591         4
594         3
596         2
598         2
600         2
602         2
605         3
608         3
610         2
612         2
614         2
616         2
619         3
622         3
624         2
625         1
627         2
629         2
631         2
633         2
636         3
639         3
641         2
643         2
645         2
647         2
649         2
651         2
653         2
654         1
657         3
660         3
662         2
664         2
666         2
668         2
670         2
672         2
673         1
674         1
676         2
678         2
680         2
682         2
684         2
686         2
688         2
689         1
691         2
693         2
696         3
698         2
700         2
702         2
704         2
705         1
707         2
709         2
711         2
713         2
715         2
717         2
718         1
719         1
721         2
723         2
725         2
727         2
729         2
730         1
732         2
734         2
736         2
738         2
739         1
740         1
742         2
744         2
746         2
748         2
749         1
750         1
752         2
754         2
755         1
756         1
757         1
758         1
760         2
762         2
763         1
764         1
765         1
766         1
768         2
770         2
771         1
772         1
773         1
774         1
775         1
776         1
778         2
780         2
781         1
782         1
783         1
784         1
785         1
786         1
787         1
788         1
790         2
792         2
792         0
792         0
794         2
796         2
797         1
798         1
799         1
800         1
803         3
806         3
806         0
806         0
808         2
810         2
810         0
810         0
812         2
814         2
814         0
814         0
816         2
818         2
819         1
819         0
821         2
822         1
823         1
823         0
825         2
826         1
827         1
827         0
829         2
830         1
831         1
831         0
833         2
834         1
835         1
835         0
837         2
839         2
839         0
839         0
841         2
843         2
843         0
843         0
844         1
845         1
846         1
847         1
848         1
849         1
850         1
851         1
852         1
853         1
854         1
855         1
856         1
857         1
858         1
859         1
860         1
861         1
861         0
861         0
863         2
865         2
865         0
865         0
867         2
869         2
869         0
869         0
871         2
873         2
873         0
873         0
874         1
874         0
876         2
877         1
878         1
878         0
880         2
881         1
882         1
882         0
882         0
882         0
884         2
886         2
886         0
886         0
888         2
890         2
890         0
890         0
891         1
892         1
893         1
894         1
894         0
894         0
897         3
900         3
900         0
900         0
901         1
902         1
903         1
904         1
905         1
906         1
906         0
906         0
908         2
910         2
910         0
910         0
912         2
914         2
914         0
914         0
915         1
915         0
917         2
918         1
918         0
918         0
919         1
919         0
921         2
922         1
923         1
923         0
923         0
923         0
925         2
927         2
927         0
927         0
927         0
927         0
929         2
931         2
931         0
931         0
932         1
933         1
934         1
935         1
936         1
937         1
937         0
937         0
938         1
939         1
940         1
941         1
941         0
941         0
943         2
945         2
945         0
945         0
946         1
946         0
948         2
949         1
949         0
949         0
950         1
950         0
952         2
953         1
954         1
954         0
954         0
954         0
956         2
957         1
958         1
958         0
958         0
958         0
960         2
962         2
962         0
962         0
962         0
962         0
964         2
966         2
966         0
966         0
967         1
968         1
968         0
968         0
969         1
970         1
971         1
972         1
972         0
972         0
974         2
976         2
976         0
976         0
976         0
976         0
977         1
978         1
979         1
980         1
982         2
983         1
983         0
983         0
985         2
986         1
987         1
987         0
987         0
987         0
987         0
987         0
989         2
991         2
991         0
991         0
992         1
993         1
994         1
995         1
995         0
995         0
996         1
997         1
997         0
997         0
998         1
999         1
1000         1
1001         1
1001         0
1001         0
1001         0
1001         0
1002         1
1003         1
1003         0
1003         0
1004         1
1005         1
1006         1
1007         1
1007         0
1007         0
1008         1
1009         1
1009         0
1009         0
1010         1
1011         1
1012         1
1013         1
1013         0
1013         0
1014         1
1014         0
1014         0
1014         0
1016         2
1017         1
1018         1
1018         0
1018         0
1018         0
1018         0
1018         0
1019         1
1020         1
1020         0
1020         0
1020         0
