0         0
8         8
16         8
23         7
30         7
39         9
48         9
55         7
62         7
69         7
76         7
84         8
92         8
98         6
104         6
111         7
118         7
126         8
134         8
140         6
146         6
153         7
160         7
167         7
174         7
180         6
186         6
193         7
200         7
206         6
212         6
218         6
224         6
231         7
238         7
244         6
250         6
255         5
260         5
266         6
272         6
279         7
286         7
293         7
300         7
306         6
312         6
317         5
322         5
329         7
336         7
342         6
348         6
354         6
360         6
365         5
370         5
376         6
382         6
388         6
394         6
399         5
404         5
409         5
414         5
420         6
426         6
432         6
438         6
444         6
450         6
456         6
462         6
467         5
472         5
477         5
482         5
488         6
494         6
500         6
506         6
509         3
512         3
517         5
522         5
528         6
534         6
539         5
544         5
547         3
550         3
556         6
562         6
566         4
570         4
574         4
578         4
584         6
590         6
593         3
596         3
601         5
606         5
608         2
610         2
614         4
618         4
622         4
626         4
629         3
632         3
636         4
640         4
643         3
646         3
649         3
652         3
656         4
660         4
662         2
664         2
668         4
672         4
676         4
680         4
682         2
684         2
686         2
688         2
691         3
694         3
698         4
702         4
704         2
706         2
708         2
710         2
713         3
716         3
719         3
722         3
724         2
726         2
729         3
732         3
735         3
738         3
740         2
742         2
745         3
748         3
750         2
752         2
754         2
756         2
758         2
760         2
762         2
764         2
766         2
768         2
769         1
770         1
772         2
774         2
776         2
778         2
780         2
782         2
784         2
786         2
788         2
790         2
792         2
794         2
796         2
798         2
800         2
802         2
804         2
806         2
808         2
810         2
812         2
814         2
816         2
818         2
819         1
820         1
822         2
824         2
826         2
828         2
828         0
828         0
830         2
832         2
834         2
836         2
836         0
836         0
838         2
840         2
841         1
842         1
842         0
842         0
844         2
846         2
846         0
846         0
848         2
850         2
852         2
854         2
854         0
854         0
856         2
858         2
858         0
858         0
859         1
860         1
860         0
860         0
862         2
864         2
866         2
868         2
868         0
868         0
870         2
872         2
872         0
872         0
874         2
876         2
876         0
876         0
877         1
878         1
878         0
878         0
880         2
882         2
882         0
882         0
883         1
884         1
884         0
884         0
886         2
888         2
888         0
888         0
890         2
892         2
892         0
892         0
893         1
894         1
894         0
894         0
896         2
898         2
898         0
898         0
900         2
902         2
902         0
902         0
902         0
902         0
903         1
904         1
904         0
904         0
906         2
908         2
908         0
908         0
909         1
910         1
910         0
910         0
912         2
914         2
914         0
914         0
914         0
914         0
916         2
918         2
918         0
918         0
919         1
920         1
920         0
920         0
922         2
924         2
924         0
924         0
924         0
924         0
925         1
926         1
926         0
926         0
928         2
930         2
930         0
930         0
930         0
930         0
932         2
934         2
934         0
934         0
935         1
936         1
936         0
936         0
936         0
936         0
938         2
940         2
940         0
940         0
941         1
942         1
942         0
942         0
942         0
942         0
944         2
946         2
946         0
946         0
946         0
946         0
947         1
948         1
948         0
948         0
950         2
952         2
952         0
952         0
952         0
952         0
954         2
956         2
956         0
956         0
956         0
956         0
957         1
958         1
958         0
958         0
958         0
958         0
960         2
962         2
962         0
962         0
962         0
962         0
963         1
964         1
964         0
964         0
964         0
964         0
966         2
968         2
968         0
968         0
968         0
968         0
969         1
970         1
970         0
970         0
970         0
970         0
972         2
974         2
974         0
974         0
974         0
974         0
975         1
976         1
976         0
976         0
976         0
976         0
978         2
980         2
980         0
980         0
980         0
980         0
981         1
982         1
982         0
982         0
982         0
982         0
984         2
986         2
986         0
986         0
986         0
986         0
987         1
988         1
988         0
988         0
988         0
988         0
988         0
988         0
990         2
992         2
992         0
992         0
992         0
992         0
993         1
994         1
994         0
994         0
994         0
994         0
994         0
994         0
996         2
998         2
998         0
998         0
998         0
998         0
999         1
1000         1
1000         0
1000         0
1000         0
1000         0
1000         0
1000         0
1002         2
1004         2
1004         0
1004         0
1004         0
1004         0
1005         1
1006         1
1006         0
1006         0
1006         0
1006         0
1006         0
1006         0
1008         2
1010         2
1010         0
1010         0
1010         0
1010         0
1010         0
1010         0
1011         1
1012         1
1012         0
1012         0
1012         0
1012         0
1014         2
1016         2
1016         0
1016         0
1016         0
1016         0
1016         0
1016         0
1017         1
1018         1
1018         0
1018         0
1018         0
1018         0
1018         0
1018         0
1018         0
1018         0
1019         1
1020         1
1020         0
1020         0
1020         0
1020         0
1020         0
1020         0
1020         0
1020         0
1020         0
1020         0
1020         0
