0         0
7         7
14         7
20         6
25         5
33         8
40         7
47         7
53         6
59         6
64         5
71         7
78         7
83         5
88         5
95         7
101         6
108         7
115         7
120         5
125         5
133         8
140         7
147         7
153         6
158         5
163         5
171         8
178         7
183         5
188         5
194         6
200         6
208         8
215         7
221         6
227         6
232         5
236         4
242         6
248         6
256         8
263         7
271         8
278         7
284         6
290         6
296         6
301         5
309         8
316         7
322         6
328         6
335         7
342         7
348         6
353         5
359         6
365         6
372         7
379         7
385         6
390         5
396         6
401         5
407         6
413         6
420         7
427         7
434         7
441         7
448         7
455         7
461         6
466         5
473         7
479         6
486         7
493         7
500         7
507         7
510         3
512         2
519         7
525         6
532         7
539         7
545         6
550         5
554         4
557         3
564         7
571         7
575         4
579         4
584         5
589         5
596         7
603         7
607         4
610         3
616         6
621         5
623         2
625         2
629         4
633         4
638         5
643         5
646         3
648         2
653         5
658         5
662         4
665         3
668         3
670         2
675         5
680         5
682         2
684         2
688         4
692         4
697         5
702         5
704         2
706         2
708         2
710         2
713         3
715         2
720         5
725         5
727         2
729         2
731         2
733         2
737         4
740         3
743         3
745         2
747         2
749         2
753         4
756         3
760         4
763         3
765         2
767         2
771         4
774         3
776         2
778         2
780         2
782         2
784         2
786         2
788         2
790         2
792         2
794         2
795         1
795         0
797         2
799         2
801         2
803         2
805         2
807         2
809         2
811         2
813         2
815         2
817         2
819         2
821         2
823         2
825         2
827         2
829         2
831         2
833         2
835         2
837         2
839         2
841         2
843         2
844         1
844         0
846         2
848         2
850         2
852         2
852         0
852         0
854         2
856         2
858         2
860         2
860         0
860         0
862         2
864         2
865         1
865         0
865         0
865         0
867         2
869         2
869         0
869         0
871         2
873         2
875         2
877         2
877         0
877         0
879         2
881         2
881         0
881         0
882         1
882         0
882         0
882         0
884         2
886         2
888         2
890         2
890         0
890         0
892         2
894         2
894         0
894         0
896         2
898         2
898         0
898         0
899         1
899         0
899         0
899         0
901         2
903         2
903         0
903         0
904         1
904         0
904         0
904         0
906         2
908         2
908         0
908         0
910         2
912         2
912         0
912         0
913         1
913         0
913         0
913         0
915         2
917         2
917         0
917         0
919         2
921         2
921         0
921         0
921         0
921         0
922         1
922         0
922         0
922         0
924         2
926         2
926         0
926         0
927         1
927         0
927         0
927         0
929         2
931         2
931         0
931         0
931         0
931         0
933         2
935         2
935         0
935         0
936         1
936         0
936         0
936         0
938         2
940         2
940         0
940         0
940         0
940         0
941         1
941         0
941         0
941         0
943         2
945         2
945         0
945         0
945         0
945         0
947         2
949         2
949         0
949         0
950         1
950         0
950         0
950         0
950         0
950         0
952         2
954         2
954         0
954         0
955         1
955         0
955         0
955         0
955         0
955         0
957         2
959         2
959         0
959         0
959         0
959         0
960         1
960         0
960         0
960         0
962         2
964         2
964         0
964         0
964         0
964         0
966         2
968         2
968         0
968         0
968         0
968         0
969         1
969         0
969         0
969         0
969         0
969         0
971         2
973         2
973         0
973         0
973         0
973         0
974         1
974         0
974         0
974         0
974         0
974         0
976         2
978         2
978         0
978         0
978         0
978         0
979         1
979         0
979         0
979         0
979         0
979         0
981         2
983         2
983         0
983         0
983         0
983         0
984         1
984         0
984         0
984         0
984         0
984         0
986         2
988         2
988         0
988         0
988         0
988         0
989         1
989         0
989         0
989         0
989         0
989         0
991         2
993         2
993         0
993         0
993         0
993         0
994         1
994         0
994         0
994         0
994         0
994         0
994         0
994         0
996         2
998         2
998         0
998         0
998         0
998         0
999         1
999         0
999         0
999         0
999         0
999         0
999         0
999         0
1001         2
1003         2
1003         0
1003         0
1003         0
1003         0
1004         1
1004         0
1004         0
1004         0
1004         0
1004         0
1004         0
1004         0
1006         2
1008         2
1008         0
1008         0
1008         0
1008         0
1009         1
1009         0
1009         0
1009         0
1009         0
1009         0
1009         0
1009         0
1011         2
1013         2
1013         0
1013         0
1013         0
1013         0
1013         0
1013         0
1014         1
1014         0
1014         0
1014         0
1014         0
1014         0
1016         2
1018         2
1018         0
1018         0
1018         0
1018         0
1018         0
1018         0
1019         1
1019         0
1019         0
1019         0
1019         0
1019         0
1019         0
1019         0
1019         0
1019         0
1020         1
1020         0
1020         0
1020         0
1020         0
1020         0
1020         0
1020         0
1020         0
1020         0
1020         0
1020         0
1020         0
