0         0
9         9
18         9
27         9
35         8
46         11
56         10
64         8
71         7
80         9
88         8
97         9
106         9
113         7
120         7
128         8
135         7
144         9
153         9
160         7
167         7
174         7
180         6
188         8
195         7
202         7
209         7
216         7
222         6
229         7
236         7
242         6
248         6
255         7
261         6
267         6
273         6
279         6
284         5
290         6
296         6
303         7
309         6
316         7
322         6
328         6
334         6
339         5
343         4
350         7
356         6
362         6
368         6
373         5
378         5
383         5
387         4
393         6
399         6
404         5
409         5
414         5
418         4
423         5
427         4
433         6
439         6
444         5
449         5
454         5
459         5
464         5
469         5
474         5
478         4
482         4
485         3
490         5
495         5
500         5
505         5
509         4
512         3
516         4
519         3
524         5
529         5
534         5
538         4
541         3
543         2
548         5
553         5
557         4
561         4
564         3
567         3
572         5
577         5
580         3
582         2
587         5
591         4
593         2
595         2
599         4
603         4
606         3
609         3
613         4
616         3
619         3
622         3
625         3
627         2
631         4
634         3
637         3
640         3
642         2
644         2
648         4
652         4
655         3
658         3
660         2
662         2
664         2
666         2
670         4
673         3
676         3
679         3
681         2
683         2
685         2
687         2
690         3
692         2
696         4
699         3
701         2
703         2
706         3
708         2
711         3
713         2
715         2
717         2
720         3
722         2
724         2
726         2
728         2
730         2
732         2
734         2
736         2
738         2
740         2
742         2
744         2
745         1
747         2
749         2
751         2
753         2
755         2
757         2
759         2
761         2
763         2
765         2
767         2
769         2
771         2
773         2
775         2
777         2
779         2
781         2
783         2
785         2
787         2
789         2
791         2
793         2
795         2
796         1
798         2
800         2
802         2
804         2
804         0
804         0
806         2
808         2
810         2
812         2
812         0
812         0
814         2
816         2
818         2
819         1
819         0
819         0
821         2
823         2
823         0
823         0
825         2
827         2
829         2
831         2
831         0
831         0
833         2
835         2
835         0
835         0
837         2
838         1
838         0
838         0
840         2
842         2
844         2
846         2
846         0
846         0
848         2
850         2
850         0
850         0
852         2
854         2
854         0
854         0
856         2
857         1
857         0
857         0
859         2
861         2
861         0
861         0
863         2
864         1
864         0
864         0
866         2
868         2
868         0
868         0
870         2
872         2
872         0
872         0
874         2
875         1
875         0
875         0
877         2
879         2
879         0
879         0
881         2
883         2
883         0
883         0
883         0
883         0
885         2
886         1
886         0
886         0
888         2
890         2
890         0
890         0
892         2
893         1
893         0
893         0
895         2
897         2
897         0
897         0
897         0
897         0
899         2
901         2
901         0
901         0
903         2
904         1
904         0
904         0
906         2
908         2
908         0
908         0
908         0
908         0
910         2
911         1
911         0
911         0
913         2
915         2
915         0
915         0
915         0
915         0
917         2
919         2
919         0
919         0
921         2
922         1
922         0
922         0
922         0
922         0
924         2
926         2
926         0
926         0
928         2
929         1
929         0
929         0
929         0
929         0
931         2
933         2
933         0
933         0
933         0
933         0
935         2
936         1
936         0
936         0
938         2
940         2
940         0
940         0
940         0
940         0
942         2
944         2
944         0
944         0
944         0
944         0
946         2
947         1
947         0
947         0
947         0
947         0
949         2
951         2
951         0
951         0
951         0
951         0
953         2
954         1
954         0
954         0
954         0
954         0
956         2
958         2
958         0
958         0
958         0
958         0
960         2
961         1
961         0
961         0
961         0
961         0
963         2
965         2
965         0
965         0
965         0
965         0
967         2
968         1
968         0
968         0
968         0
968         0
970         2
972         2
972         0
972         0
972         0
972         0
974         2
975         1
975         0
975         0
975         0
975         0
977         2
979         2
979         0
979         0
979         0
979         0
981         2
982         1
982         0
982         0
982         0
982         0
982         0
982         0
984         2
986         2
986         0
986         0
986         0
986         0
988         2
989         1
989         0
989         0
989         0
989         0
989         0
989         0
991         2
993         2
993         0
993         0
993         0
993         0
995         2
996         1
996         0
996         0
996         0
996         0
996         0
996         0
998         2
1000         2
1000         0
1000         0
1000         0
1000         0
1002         2
1003         1
1003         0
1003         0
1003         0
1003         0
1003         0
1003         0
1005         2
1007         2
1007         0
1007         0
1007         0
1007         0
1007         0
1007         0
1009         2
1010         1
1010         0
1010         0
1010         0
1010         0
1012         2
1014         2
1014         0
1014         0
1014         0
1014         0
1014         0
1014         0
1016         2
1017         1
1017         0
1017         0
1017         0
1017         0
1017         0
1017         0
1017         0
1017         0
1019         2
1020         1
1020         0
1020         0
1020         0
1020         0
1020         0
1020         0
1020         0
1020         0
1020         0
1020         0
1020         0
