0         0
47         47
94         47
114         20
133         19
147         14
160         13
171         11
182         11
191         9
199         8
209         10
219         10
227         8
235         8
243         8
251         8
258         7
265         7
272         7
278         6
284         6
290         6
295         5
299         4
306         7
312         6
317         5
321         4
328         7
334         6
340         6
346         6
350         4
354         4
359         5
363         4
368         5
372         4
377         5
381         4
384         3
386         2
391         5
395         4
400         5
404         4
408         4
412         4
415         3
418         3
422         4
426         4
429         3
431         2
435         4
439         4
442         3
445         3
451         6
456         5
459         3
461         2
464         3
466         2
470         4
474         4
477         3
479         2
482         3
484         2
488         4
492         4
495         3
497         2
499         2
501         2
504         3
506         2
508         2
510         2
516         6
522         6
524         2
526         2
528         2
530         2
533         3
535         2
537         2
539         2
542         3
544         2
547         3
549         2
551         2
553         2
556         3
558         2
560         2
562         2
566         4
570         4
572         2
574         2
576         2
578         2
580         2
582         2
585         3
587         2
589         2
591         2
593         2
595         2
598         3
600         2
602         2
604         2
606         2
608         2
611         3
613         2
614         1
614         0
616         2
618         2
620         2
622         2
624         2
626         2
628         2
630         2
632         2
634         2
636         2
638         2
639         1
639         0
642         3
644         2
646         2
648         2
650         2
652         2
654         2
656         2
657         1
657         0
659         2
661         2
663         2
665         2
667         2
669         2
670         1
670         0
672         2
674         2
678         4
681         3
683         2
685         2
686         1
686         0
688         2
690         2
692         2
694         2
696         2
698         2
698         0
698         0
700         2
702         2
704         2
706         2
707         1
707         0
709         2
711         2
713         2
715         2
716         1
716         0
718         2
720         2
722         2
724         2
725         1
725         0
727         2
729         2
731         2
732         1
733         1
733         0
735         2
737         2
739         2
740         1
741         1
741         0
743         2
745         2
747         2
748         1
749         1
749         0
751         2
752         1
754         2
756         2
757         1
757         0
759         2
760         1
761         1
761         0
763         2
764         1
766         2
768         2
768         0
768         0
770         2
772         2
773         1
773         0
775         2
776         1
780         4
783         3
783         0
783         0
785         2
787         2
787         0
787         0
789         2
791         2
791         0
791         0
793         2
795         2
797         2
798         1
799         1
799         0
801         2
802         1
803         1
803         0
805         2
806         1
807         1
807         0
809         2
810         1
811         1
811         0
813         2
814         1
816         2
818         2
818         0
818         0
820         2
822         2
822         0
822         0
824         2
826         2
826         0
826         0
828         2
830         2
830         0
830         0
832         2
834         2
834         0
834         0
836         2
838         2
838         0
838         0
840         2
842         2
842         0
842         0
844         2
846         2
846         0
846         0
848         2
850         2
850         0
850         0
852         2
854         2
854         0
854         0
856         2
857         1
858         1
858         0
860         2
861         1
862         1
862         0
864         2
865         1
865         0
865         0
867         2
869         2
869         0
869         0
871         2
873         2
873         0
873         0
875         2
876         1
877         1
877         0
877         0
877         0
881         4
884         3
884         0
884         0
886         2
887         1
888         1
888         0
890         2
891         1
891         0
891         0
893         2
895         2
895         0
895         0
897         2
899         2
899         0
899         0
901         2
902         1
903         1
903         0
903         0
903         0
905         2
906         1
907         1
907         0
909         2
910         1
910         0
910         0
912         2
914         2
914         0
914         0
914         0
914         0
916         2
918         2
918         0
918         0
920         2
922         2
922         0
922         0
924         2
926         2
926         0
926         0
926         0
926         0
928         2
930         2
930         0
930         0
932         2
934         2
934         0
934         0
936         2
937         1
938         1
938         0
938         0
938         0
940         2
941         1
942         1
942         0
944         2
945         1
945         0
945         0
946         1
946         0
948         2
949         1
949         0
949         0
951         2
953         2
953         0
953         0
953         0
953         0
955         2
957         2
957         0
957         0
959         2
960         1
960         0
960         0
961         1
961         0
963         2
964         1
964         0
964         0
966         2
968         2
968         0
968         0
968         0
968         0
970         2
971         1
972         1
972         0
975         3
978         3
978         0
978         0
979         1
979         0
981         2
982         1
982         0
982         0
982         0
982         0
984         2
986         2
986         0
986         0
988         2
990         2
990         0
990         0
990         0
990         0
992         2
994         2
994         0
994         0
994         0
994         0
996         2
998         2
998         0
998         0
998         0
998         0
998         0
998         0
998         0
998         0
1000         2
1002         2
1002         0
1002         0
1002         0
1002         0
1004         2
1006         2
1006         0
1006         0
1006         0
1006         0
1008         2
1010         2
1010         0
1010         0
1012         2
1013         1
1013         0
1013         0
1014         1
1014         0
1016         2
1017         1
1017         0
1017         0
1017         0
1017         0
1019         2
1020         1
1020         0
1020         0
1020         0
