0         0
19         19
38         19
51         13
63         12
76         13
88         12
97         9
106         9
116         10
125         9
135         10
145         10
153         8
161         8
169         8
177         8
186         9
195         9
203         8
210         7
216         6
222         6
230         8
237         7
245         8
252         7
258         6
263         5
271         8
278         7
284         6
290         6
296         6
302         6
308         6
313         5
319         6
324         5
330         6
335         5
341         6
346         5
352         6
357         5
363         6
368         5
372         4
376         4
381         5
386         5
392         6
398         6
402         4
405         3
409         4
413         4
418         5
423         5
428         5
432         4
436         4
439         3
443         4
446         3
452         6
458         6
462         4
465         3
469         4
472         3
476         4
480         4
484         4
487         3
489         2
491         2
495         4
498         3
502         4
506         4
510         4
514         4
516         2
518         2
522         4
526         4
530         4
533         3
535         2
537         2
541         4
544         3
548         4
551         3
553         2
555         2
559         4
562         3
564         2
566         2
570         4
574         4
576         2
578         2
582         4
586         4
588         2
590         2
594         4
597         3
599         2
601         2
603         2
605         2
609         4
612         3
614         2
616         2
618         2
620         2
624         4
627         3
629         2
630         1
632         2
634         2
636         2
638         2
642         4
646         4
648         2
650         2
652         2
654         2
656         2
658         2
660         2
661         1
665         4
668         3
670         2
672         2
674         2
676         2
678         2
680         2
682         2
683         1
685         2
687         2
689         2
691         2
693         2
695         2
697         2
698         1
700         2
702         2
705         3
707         2
709         2
711         2
713         2
714         1
716         2
718         2
720         2
722         2
724         2
726         2
728         2
730         2
732         2
734         2
736         2
738         2
740         2
741         1
743         2
745         2
747         2
749         2
751         2
752         1
754         2
756         2
758         2
760         2
762         2
763         1
765         2
767         2
768         1
768         0
770         2
771         1
773         2
775         2
776         1
776         0
778         2
779         1
781         2
783         2
784         1
784         0
786         2
787         1
788         1
788         0
790         2
792         2
794         2
795         1
796         1
796         0
798         2
799         1
800         1
800         0
802         2
804         2
804         0
804         0
806         2
808         2
810         2
811         1
812         1
812         0
815         3
817         2
817         0
817         0
819         2
821         2
821         0
821         0
823         2
825         2
825         0
825         0
827         2
829         2
830         1
830         0
832         2
833         1
834         1
834         0
836         2
837         1
838         1
838         0
840         2
841         1
842         1
842         0
844         2
845         1
846         1
846         0
848         2
850         2
850         0
850         0
852         2
854         2
854         0
854         0
854         0
854         0
856         2
858         2
858         0
858         0
860         2
862         2
862         0
862         0
864         2
866         2
866         0
866         0
868         2
870         2
870         0
870         0
870         0
870         0
872         2
874         2
874         0
874         0
876         2
878         2
878         0
878         0
880         2
882         2
882         0
882         0
883         1
883         0
885         2
886         1
887         1
887         0
889         2
890         1
891         1
891         0
891         0
891         0
893         2
895         2
895         0
895         0
897         2
899         2
899         0
899         0
900         1
900         0
902         2
903         1
903         0
903         0
906         3
908         2
908         0
908         0
909         1
909         0
911         2
912         1
913         1
913         0
913         0
913         0
915         2
917         2
917         0
917         0
919         2
921         2
921         0
921         0
922         1
922         0
924         2
925         1
925         0
925         0
926         1
926         0
928         2
929         1
930         1
930         0
930         0
930         0
932         2
934         2
934         0
934         0
934         0
934         0
936         2
938         2
938         0
938         0
938         0
938         0
940         2
942         2
942         0
942         0
942         0
942         0
944         2
946         2
946         0
946         0
946         0
946         0
948         2
950         2
950         0
950         0
951         1
951         0
953         2
954         1
954         0
954         0
955         1
955         0
957         2
958         1
959         1
959         0
959         0
959         0
961         2
962         1
963         1
963         0
963         0
963         0
965         2
967         2
967         0
967         0
967         0
967         0
969         2
971         2
971         0
971         0
972         1
972         0
972         0
972         0
974         2
975         1
976         1
976         0
976         0
976         0
978         2
980         2
980         0
980         0
980         0
980         0
981         1
981         0
983         2
984         1
985         1
986         1
986         0
986         0
988         2
989         1
990         1
990         0
990         0
990         0
990         0
990         0
992         2
994         2
994         0
994         0
994         0
994         0
996         2
998         2
998         0
998         0
998         0
998         0
998         0
998         0
1000         2
1002         2
1002         0
1002         0
1002         0
1002         0
1002         0
1002         0
1004         2
1006         2
1006         0
1006         0
1006         0
1006         0
1008         2
1010         2
1010         0
1010         0
1010         0
1010         0
1010         0
1010         0
1012         2
1014         2
1014         0
1014         0
1014         0
1014         0
1015         1
1015         0
1015         0
1015         0
1017         2
1018         1
1019         1
1019         0
1019         0
1019         0
1019         0
1019         0
1020         1
1020         0
1020         0
1020         0
1020         0
