0         0
38         38
75         37
93         18
110         17
123         13
136         13
147         11
157         10
166         9
174         8
184         10
194         10
202         8
210         8
218         8
226         8
234         8
242         8
249         7
255         6
261         6
267         6
273         6
278         5
285         7
292         7
297         5
302         5
309         7
315         6
321         6
327         6
332         5
337         5
342         5
346         4
351         5
356         5
361         5
366         5
370         4
373         3
378         5
382         4
387         5
392         5
396         4
400         4
404         4
407         3
412         5
417         5
420         3
422         2
426         4
430         4
434         4
438         4
443         5
448         5
451         3
454         3
457         3
459         2
464         5
469         5
472         3
474         2
477         3
480         3
484         4
488         4
491         3
494         3
496         2
498         2
501         3
503         2
506         3
509         3
514         5
519         5
521         2
523         2
526         3
529         3
532         3
534         2
536         2
538         2
541         3
544         3
547         3
550         3
552         2
554         2
557         3
559         2
561         2
563         2
567         4
571         4
573         2
575         2
578         3
581         3
583         2
585         2
588         3
590         2
592         2
594         2
596         2
598         2
601         3
604         3
606         2
608         2
610         2
612         2
615         3
618         3
619         1
619         0
621         2
623         2
625         2
627         2
630         3
633         3
635         2
637         2
639         2
641         2
643         2
645         2
646         1
646         0
649         3
652         3
654         2
656         2
658         2
660         2
662         2
664         2
665         1
666         1
668         2
670         2
672         2
674         2
676         2
678         2
679         1
679         0
681         2
683         2
687         4
690         3
692         2
694         2
695         1
695         0
697         2
699         2
701         2
703         2
705         2
707         2
708         1
709         1
711         2
713         2
715         2
717         2
718         1
718         0
720         2
722         2
724         2
726         2
727         1
728         1
730         2
732         2
734         2
736         2
737         1
738         1
740         2
742         2
743         1
744         1
745         1
746         1
748         2
750         2
751         1
752         1
753         1
754         1
756         2
758         2
759         1
760         1
761         1
762         1
763         1
764         1
766         2
768         2
769         1
770         1
771         1
772         1
773         1
774         1
775         1
776         1
778         2
780         2
780         0
780         0
782         2
784         2
785         1
786         1
787         1
788         1
791         3
794         3
794         0
794         0
796         2
798         2
798         0
798         0
800         2
802         2
802         0
802         0
804         2
806         2
808         2
809         1
810         1
810         0
812         2
813         1
814         1
814         0
816         2
817         1
818         1
818         0
820         2
821         1
822         1
822         0
824         2
825         1
827         2
829         2
829         0
829         0
831         2
833         2
833         0
833         0
834         1
835         1
836         1
837         1
838         1
839         1
840         1
841         1
842         1
843         1
844         1
845         1
846         1
847         1
848         1
849         1
850         1
851         1
851         0
851         0
853         2
855         2
855         0
855         0
857         2
859         2
859         0
859         0
861         2
863         2
863         0
863         0
865         2
866         1
867         1
867         0
869         2
870         1
871         1
871         0
873         2
874         1
874         0
874         0
876         2
878         2
878         0
878         0
880         2
882         2
882         0
882         0
883         1
884         1
885         1
886         1
886         0
886         0
889         3
892         3
892         0
892         0
893         1
894         1
895         1
896         1
897         1
898         1
898         0
898         0
900         2
902         2
902         0
902         0
904         2
906         2
906         0
906         0
908         2
909         1
910         1
910         0
910         0
910         0
912         2
913         1
914         1
914         0
916         2
917         1
917         0
917         0
919         2
921         2
921         0
921         0
921         0
921         0
923         2
925         2
925         0
925         0
926         1
927         1
928         1
929         1
930         1
931         1
931         0
931         0
932         1
933         1
934         1
935         1
935         0
935         0
937         2
939         2
939         0
939         0
941         2
942         1
943         1
943         0
943         0
943         0
945         2
946         1
947         1
947         0
949         2
950         1
950         0
950         0
951         1
951         0
953         2
954         1
954         0
954         0
956         2
958         2
958         0
958         0
958         0
958         0
960         2
962         2
962         0
962         0
963         1
964         1
964         0
964         0
965         1
966         1
967         1
968         1
968         0
968         0
970         2
972         2
972         0
972         0
972         0
972         0
973         1
974         1
975         1
976         1
979         3
981         2
981         0
981         0
982         1
982         0
984         2
985         1
985         0
985         0
985         0
985         0
987         2
989         2
989         0
989         0
990         1
991         1
992         1
993         1
993         0
993         0
994         1
995         1
995         0
995         0
996         1
997         1
998         1
999         1
999         0
999         0
999         0
999         0
1000         1
1001         1
1001         0
1001         0
1002         1
1003         1
1004         1
1005         1
1005         0
1005         0
1006         1
1007         1
1007         0
1007         0
1008         1
1009         1
1010         1
1011         1
1011         0
1011         0
1013         2
1014         1
1014         0
1014         0
1015         1
1015         0
1017         2
1018         1
1018         0
1018         0
1018         0
1018         0
1019         1
1020         1
1020         0
1020         0
1020         0
