0         0
6         6
12         6
16         4
20         4
26         6
32         6
38         6
44         6
48         4
52         4
58         6
64         6
68         4
72         4
78         6
84         6
90         6
96         6
100         4
104         4
112         8
120         8
126         6
132         6
136         4
140         4
148         8
156         8
160         4
164         4
170         6
176         6
184         8
192         8
198         6
204         6
208         4
212         4
218         6
224         6
232         8
240         8
248         8
256         8
262         6
268         6
274         6
280         6
288         8
296         8
302         6
308         6
316         8
324         8
330         6
336         6
342         6
348         6
356         8
364         8
370         6
376         6
382         6
388         6
394         6
400         6
408         8
416         8
424         8
432         8
440         8
448         8
454         6
460         6
468         8
476         8
484         8
492         8
500         8
508         8
510         2
512         2
520         8
528         8
536         8
544         8
550         6
556         6
560         4
564         4
572         8
580         8
584         4
588         4
594         6
600         6
608         8
616         8
620         4
624         4
630         6
636         6
638         2
640         2
644         4
648         4
654         6
660         6
662         2
664         2
670         6
676         6
680         4
684         4
686         2
688         2
694         6
700         6
702         2
704         2
708         4
712         4
718         6
724         6
726         2
728         2
730         2
732         2
734         2
736         2
742         6
748         6
750         2
752         2
754         2
756         2
760         4
764         4
766         2
768         2
770         2
772         2
776         4
780         4
784         4
788         4
790         2
792         2
796         4
800         4
802         2
804         2
806         2
808         2
810         2
812         2
814         2
816         2
818         2
820         2
820         0
820         0
822         2
824         2
826         2
828         2
830         2
832         2
834         2
836         2
838         2
840         2
842         2
844         2
846         2
848         2
850         2
852         2
854         2
856         2
858         2
860         2
862         2
864         2
866         2
868         2
868         0
868         0
870         2
872         2
874         2
876         2
876         0
876         0
878         2
880         2
882         2
884         2
884         0
884         0
886         2
888         2
888         0
888         0
888         0
888         0
890         2
892         2
892         0
892         0
894         2
896         2
898         2
900         2
900         0
900         0
902         2
904         2
904         0
904         0
904         0
904         0
904         0
904         0
906         2
908         2
910         2
912         2
912         0
912         0
914         2
916         2
916         0
916         0
918         2
920         2
920         0
920         0
920         0
920         0
920         0
920         0
922         2
924         2
924         0
924         0
924         0
924         0
924         0
924         0
926         2
928         2
928         0
928         0
930         2
932         2
932         0
932         0
932         0
932         0
932         0
932         0
934         2
936         2
936         0
936         0
938         2
940         2
940         0
940         0
940         0
940         0
940         0
940         0
940         0
940         0
942         2
944         2
944         0
944         0
944         0
944         0
944         0
944         0
946         2
948         2
948         0
948         0
948         0
948         0
950         2
952         2
952         0
952         0
952         0
952         0
952         0
952         0
954         2
956         2
956         0
956         0
956         0
956         0
956         0
956         0
956         0
956         0
958         2
960         2
960         0
960         0
960         0
960         0
962         2
964         2
964         0
964         0
964         0
964         0
964         0
964         0
964         0
964         0
966         2
968         2
968         0
968         0
968         0
968         0
968         0
968         0
968         0
968         0
970         2
972         2
972         0
972         0
972         0
972         0
972         0
972         0
972         0
972         0
974         2
976         2
976         0
976         0
976         0
976         0
978         2
980         2
980         0
980         0
980         0
980         0
980         0
980         0
980         0
980         0
980         0
980         0
982         2
984         2
984         0
984         0
984         0
984         0
984         0
984         0
984         0
984         0
984         0
984         0
986         2
988         2
988         0
988         0
988         0
988         0
988         0
988         0
988         0
988         0
988         0
988         0
990         2
992         2
992         0
992         0
992         0
992         0
992         0
992         0
992         0
992         0
992         0
992         0
994         2
996         2
996         0
996         0
996         0
996         0
996         0
996         0
996         0
996         0
996         0
996         0
998         2
1000         2
1000         0
1000         0
1000         0
1000         0
1000         0
1000         0
1000         0
1000         0
1000         0
1000         0
1000         0
1000         0
1002         2
1004         2
1004         0
1004         0
1004         0
1004         0
1004         0
1004         0
1004         0
1004         0
1004         0
1004         0
1004         0
1004         0
1006         2
1008         2
1008         0
1008         0
1008         0
1008         0
1008         0
1008         0
1008         0
1008         0
1008         0
1008         0
1008         0
1008         0
1010         2
1012         2
1012         0
1012         0
1012         0
1012         0
1012         0
1012         0
1012         0
1012         0
1012         0
1012         0
1012         0
1012         0
1014         2
1016         2
1016         0
1016         0
1016         0
1016         0
1016         0
1016         0
1016         0
1016         0
1016         0
1016         0
1016         0
1016         0
1018         2
1020         2
1020         0
1020         0
1020         0
1020         0
1020         0
1020         0
1020         0
1020         0
1020         0
1020         0
1020         0
1020         0
1020         0
1020         0
1020         0
1020         0
1020         0
1020         0
1020         0
1020         0
1020         0
1020         0
1020         0
1020         0
1020         0
1020         0
1020         0
1020         0
1020         0
